1.125870 34.795290 14.018948 57.776056 4.892922 0.125000 35.877523 
130.553381 132.481095 137.323087 147.242758 4.356709 0.125000 15.377626 
130.769700 150.789064 129.592357 160.797611 4.016391 0.125000 5.201734 
190.623596 177.392912 195.771557 189.831676 4.340930 0.125000 11.120403 
282.873678 169.630039 294.839824 181.421789 3.613295 0.125000 11.976690 
10.115083 77.090275 30.914931 91.967291 5.803881 0.125000 34.502588 
760.561601 150.040253 773.447533 127.055824 4.278983 0.125000 34.990580 
295.673024 182.041176 283.290173 195.773937 4.185391 0.125000 13.195192 
90.334041 137.150542 132.015428 131.698609 5.768366 0.125000 63.578988 
772.958316 128.874434 817.212394 114.138223 3.961372 0.125000 71.929846 
31.029024 92.557289 82.173607 128.955414 8.559901 0.125000 103.100441 
209.963185 183.961335 198.626964 174.990669 4.329965 0.125000 8.805489 
199.270398 174.461529 212.859771 162.815513 4.881434 0.125000 25.681465 
14.157218 58.529986 3.305836 61.326663 4.216784 0.125000 0.155290 
191.820543 200.884318 206.843859 200.058491 4.018781 0.125000 12.041882 
898.821310 101.456852 921.567836 71.337031 4.764086 0.125000 61.230933 
885.881031 118.608884 895.513237 106.111944 5.713319 0.125000 10.493526 
872.955331 110.917706 885.172384 117.999382 4.780386 0.125000 13.706913 
284.326827 219.262533 374.399188 180.681471 4.429518 0.125000 167.933323 
375.539171 181.895524 765.645059 154.662331 4.809224 0.125000 686.895830 
208.275493 199.301940 209.273319 184.285184 3.658872 0.125000 13.076726 
128.577150 161.262478 158.534771 183.376530 7.807638 0.125000 86.989589 
156.916008 182.291700 189.591609 179.076063 6.219953 0.125000 76.623917 
870.527064 95.656132 875.316613 110.723032 3.779773 0.125000 1.735778 
4.924421 61.944667 4.296219 78.170346 6.196962 0.125000 4.433671 
254.571427 113.078108 253.900197 128.159502 3.108895 0.125000 13.385215 
247.834791 161.947821 277.096065 168.367347 3.363864 0.125000 41.100438 
213.010629 164.059786 246.944797 161.580209 3.557839 0.125000 47.723058 
816.874169 114.362746 871.959918 110.627245 3.719972 0.125000 82.379281 
250.734454 128.130050 251.427710 113.104363 3.188679 0.125000 9.826971 
822.187533 58.238357 824.291128 75.635142 3.832418 0.125000 7.518654 
815.536061 84.971687 820.924325 63.199077 5.478629 0.125000 17.253794 
284.555288 195.569689 283.388327 218.138616 3.615903 0.125000 31.246774 
254.619929 128.713758 260.803799 139.270262 2.603896 0.125000 4.023443 
415.754980 456.831479 435.658631 454.687163 4.397893 0.125000 11.797817 
792.055429 210.581517 793.235755 249.409632 5.415481 0.125000 36.978763 
775.365031 157.990318 781.155165 200.552877 4.617375 0.125000 58.280599 
785.480438 114.293070 790.985638 104.579390 5.582625 0.125000 0.519814 
284.716253 239.397925 284.241957 220.596823 4.998410 0.125000 9.335618 
127.242511 374.407401 130.333391 339.349290 2.747492 0.125000 27.287046 
8.183299 214.219086 25.587016 220.726586 2.626738 0.125000 0.155290 
136.767283 269.366436 139.350509 236.873053 2.236694 0.125000 15.393515 
832.919794 106.832105 809.172821 110.601176 4.605176 0.125000 11.289241 
865.606146 106.804770 833.130620 107.268544 4.928094 0.125000 19.116781 
282.818460 153.281995 287.395234 162.218373 7.815057 0.125000 2.823102 
72.934397 240.606223 76.629192 203.100785 3.015133 0.125000 28.393059 
275.092388 145.974360 281.379907 155.559906 7.676085 0.125000 7.110877 
137.160197 234.295359 134.572709 265.641320 2.491526 0.125000 19.632050 
779.057581 124.847933 784.369937 114.372433 3.376279 0.125000 7.163230 
781.203204 201.166773 791.627933 209.677626 4.228683 0.125000 14.835481 
818.639602 205.050576 874.652066 133.341418 4.528275 0.125000 138.906032 
856.276245 90.462178 867.118246 96.433331 7.997841 0.125000 8.893973 
506.923321 492.978778 495.291289 489.134829 2.786406 0.125000 0.866856 
441.870454 453.246396 475.624941 453.110421 2.595653 0.125000 23.323358 
219.629897 147.561329 226.901892 141.909601 6.136518 0.125000 1.458301 
63.137215 339.498564 65.100250 319.445998 2.636086 0.125000 8.559625 
256.973672 158.125426 236.856987 157.331309 4.749579 0.125000 16.532093 
239.346217 139.346542 249.914106 128.658021 3.595669 0.125000 17.569793 
452.906799 553.747213 461.869622 556.890337 3.600114 0.125000 3.620108 
74.085002 200.459835 70.052002 238.063546 3.328723 0.125000 26.717518 
274.554508 247.115204 286.171500 238.433632 4.258161 0.125000 6.345855 
799.819200 101.162503 812.819327 86.459984 4.179450 0.125000 10.545601 
235.719871 157.778493 218.021248 159.636932 3.661174 0.125000 8.322787 
825.378787 74.626977 836.757430 85.745322 3.678463 0.125000 12.041882 
461.573582 557.360581 473.016051 552.848697 3.242785 0.125000 1.807095 
371.904943 395.051537 388.123173 394.333729 3.050256 0.125000 6.859948 
212.042202 221.606473 238.589488 238.136533 6.126162 0.125000 32.082192 
836.809153 84.725830 847.148753 86.666447 5.375361 0.125000 1.191767 
139.955819 230.673127 141.198766 215.672542 2.078577 0.125000 4.023443 
847.971682 87.263490 855.969368 90.419774 10.005687 0.125000 4.916730 
6.129892 205.688000 11.121203 165.686916 3.561991 0.125000 30.713465 
213.158743 154.067967 221.018560 147.928369 8.772852 0.125000 13.141981 
726.119492 359.411400 726.723229 371.942536 2.699578 0.125000 0.004868 
62.113695 319.269075 59.598835 343.279371 2.948315 0.125000 13.057405 
445.680404 541.844643 453.206420 555.580389 3.784293 0.125000 1.735778 
790.937516 103.573247 802.026390 95.842142 5.220857 0.125000 1.875457 
226.897726 141.136606 236.933449 140.690814 4.023660 0.125000 4.504827 
677.792887 240.557903 698.817002 528.165790 4.159270 0.125000 486.842679 
130.745551 334.384336 132.004029 318.134993 2.396015 0.125000 1.730763 
179.170280 229.360381 162.296834 465.655123 3.740826 0.125000 282.254619 
295.778626 309.381117 296.376920 294.355168 1.796066 0.125000 0.866856 
494.317760 495.465137 506.914299 496.126549 3.810385 0.125000 8.692578 
624.370684 387.939606 659.380809 387.124527 2.035191 0.125000 30.751626 
138.844239 214.329070 137.546565 229.324945 2.167392 0.125000 2.736202 
270.709446 162.806989 257.792542 159.376989 3.774622 0.125000 6.012747 
388.125280 504.737450 370.624324 504.750994 2.508705 0.125000 4.287335 
387.609071 528.259721 392.206201 545.864920 4.521971 0.125000 11.337614 
443.976712 460.646574 443.343857 485.630544 3.590533 0.125000 10.238084 
482.021673 492.599402 493.429751 495.782938 5.487969 0.125000 2.780100 
715.620562 385.359982 749.382027 384.794658 1.773022 0.125000 25.432196 
51.694983 448.229674 53.535561 429.415164 2.880259 0.125000 12.909403 
562.401592 385.603728 561.542547 364.337935 2.598869 0.125000 2.753328 
543.113857 390.274679 576.909185 389.199672 2.896152 0.125000 27.287078 
695.030101 529.327602 673.969457 238.244783 4.610012 0.125000 483.586592 
560.607411 429.424193 585.943856 438.483218 5.207760 0.125000 22.634388 
431.039525 375.625201 431.010678 255.624907 3.775541 0.125000 170.431165 
27.027324 246.168017 32.567067 257.156282 3.858231 0.125000 0.155290 
116.944199 495.630234 119.026440 468.098638 2.304342 0.125000 10.455974 
852.493183 223.181740 856.663388 269.618513 5.569254 0.125000 63.828279 
541.815764 436.709736 558.597943 430.694479 4.550815 0.125000 19.632050 
57.813544 305.634867 57.178089 285.575799 5.432863 0.125000 3.093222 
289.362984 397.646467 319.375449 396.892869 1.877146 0.125000 17.841313 
744.385997 359.373854 746.603229 380.653317 2.823003 0.125000 7.163429 
81.855043 226.760559 80.494078 241.863202 2.725171 0.125000 2.643642 
277.014291 266.932257 276.040352 248.039151 5.443834 0.125000 17.210048 
618.072208 436.755263 641.648174 426.360542 5.547176 0.125000 23.393579 
242.942864 323.148162 243.268655 308.128116 2.716266 0.125000 6.860001 
808.537878 111.616381 782.796720 122.336751 3.651812 0.125000 8.466682 
117.209092 459.303446 115.835060 476.891411 2.492406 0.125000 2.760160 
434.141492 270.621007 434.298623 310.625300 3.813798 0.125000 70.724416 
643.305596 426.356402 670.937105 435.978760 5.344107 0.125000 22.879184 
893.842839 179.451212 901.361101 231.948597 4.595087 0.125000 45.436865 
906.717186 289.398438 915.052878 345.524323 4.713126 0.125000 57.744744 
239.203880 238.100843 239.427674 248.095832 7.638027 0.125000 3.870244 
354.563406 484.364224 354.119083 528.135091 2.905895 0.125000 70.292082 
403.810330 548.113260 409.393612 539.386909 4.211704 0.125000 2.643642 
587.670890 440.930445 599.090011 457.907468 5.186016 0.125000 4.779822 
127.809872 339.346945 124.909718 371.922605 2.131851 0.125000 13.779039 
871.472830 203.164478 876.272215 252.056873 5.998735 0.125000 57.584910 
119.472751 376.461022 141.623207 381.691346 2.433090 0.125000 9.411793 
129.461816 316.880554 128.421427 333.143963 2.045458 0.125000 2.596246 
50.154931 463.215077 51.026184 455.671334 2.913732 0.062500 4.324473 
864.808293 321.861395 865.632914 348.124752 3.669696 0.125000 9.335618 
245.161591 286.881053 245.305942 268.122545 2.538401 0.125000 8.692578 
25.270433 224.652606 32.974682 234.492691 3.509622 0.062500 0.901199 
371.915818 309.002330 404.345621 307.493539 2.671578 0.125000 26.892032 
635.622652 358.067122 624.340511 358.524771 2.852589 0.125000 1.730703 
713.468177 273.190697 714.645835 289.445938 2.927289 0.125000 0.155290 
65.637943 394.715304 50.612137 395.286799 2.735736 0.125000 1.730763 
448.752328 529.257940 446.397252 541.785185 3.611708 0.125000 0.701738 
479.404943 450.949110 448.106827 449.936926 2.458290 0.125000 19.654789 
610.513737 450.553446 618.557687 438.045497 4.654943 0.125000 12.114061 
618.146754 297.394522 653.137744 295.929344 2.654697 0.125000 29.297930 
360.556208 515.289957 369.937338 513.363788 3.274235 0.125000 0.971134 
497.839673 427.793975 509.948580 431.553598 5.968915 0.125000 1.380619 
191.226357 366.839400 190.124470 386.916134 1.742725 0.125000 3.620108 
213.646267 184.018740 211.309385 196.998220 5.363867 0.125000 3.363777 
293.196474 393.126603 293.644814 373.136659 1.670110 0.125000 3.120353 
472.423296 552.750777 478.289566 540.705144 2.804866 0.125000 0.142184 
120.306195 453.206853 121.742799 436.863379 2.271490 0.125000 0.142184 
247.451668 243.127789 247.542385 224.372182 2.590660 0.125000 6.012747 
463.135343 304.631828 494.385002 303.373358 2.598572 0.125000 29.456940 
506.851248 506.050925 493.004895 505.278789 5.549025 0.125000 5.456138 
784.885457 140.918220 775.466257 157.315780 5.280913 0.125000 29.904548 
45.638058 477.988718 43.552048 496.922051 2.484963 0.125000 6.012747 
773.181966 476.864710 769.744130 457.832532 3.809397 0.125000 2.099592 
544.860914 385.609246 544.211861 365.589763 2.539192 0.125000 4.551683 
47.858225 454.258919 47.082807 464.390904 3.166752 0.007812 0.895020 
158.633000 464.411317 175.608291 226.963169 5.161218 0.125000 287.867793 
211.266667 198.002093 210.273470 213.019078 3.329362 0.062500 1.725126 
409.112716 539.345168 408.432639 516.827955 4.201123 0.125000 14.360535 
434.168130 325.624068 434.100520 340.629395 3.795019 0.125000 6.345855 
805.251195 464.258542 806.600657 474.411464 2.478206 0.125000 1.314173 
470.596524 390.994194 493.113401 390.266223 3.586476 0.125000 1.325343 
700.665740 293.962685 736.890850 292.200891 2.436327 0.125000 22.188325 
211.719948 210.772980 217.196451 216.511199 2.754036 0.062500 1.916233 
329.376028 483.345373 354.381314 483.228744 2.610746 0.125000 15.517445 
528.541046 452.236909 541.810976 436.981961 5.083718 0.125000 31.627478 
79.826695 132.446646 104.933026 149.164203 2.773692 0.125000 8.189045 
40.777235 339.863184 50.633441 341.832759 2.538171 0.062500 0.287354 
910.726927 218.243582 920.803308 209.582444 2.178129 0.125000 3.120353 
186.504590 394.524036 190.881602 331.980437 3.853346 0.125000 46.827744 
327.648549 526.867812 328.289324 484.396338 3.027707 0.125000 66.336652 
133.207664 351.781484 132.097227 365.642803 3.139115 0.125000 3.482648 
240.919160 374.378198 241.150317 353.117121 2.717286 0.125000 1.970624 
884.282648 241.774160 896.684082 230.416536 2.231596 0.125000 4.504827 
539.396184 301.102925 571.887753 299.662709 2.885018 0.125000 20.624982 
731.245931 271.933096 732.744533 288.160137 1.979358 0.125000 0.037337 
379.344434 352.922931 394.391652 353.123081 7.549213 0.125000 17.460269 
460.618540 494.682245 475.611911 494.997506 3.801726 0.062500 3.738520 
7.646620 164.465161 2.697017 206.824992 3.080286 0.125000 39.187022 
186.680159 391.485681 201.756456 394.898650 2.162311 0.125000 1.853182 
286.982128 473.225646 288.102133 458.123304 1.960601 0.125000 0.004868 
433.537586 253.039672 434.379232 269.438936 3.552866 0.125000 10.284560 
668.700712 436.756275 679.197677 450.757938 5.248629 0.125000 14.730585 
232.967434 533.122407 233.584792 495.611995 3.790632 0.125000 54.214855 
780.039558 459.203226 774.676974 477.480081 4.510423 0.125000 6.065091 
824.813159 228.185976 826.500632 250.653118 2.212112 0.125000 6.083459 
897.186829 358.792633 913.402384 351.218884 2.847262 0.125000 1.498261 
6.584289 417.034678 10.970728 390.682548 4.108026 0.125000 16.161469 
490.615097 489.490283 461.969092 487.029624 4.164160 0.125000 8.594992 
404.412030 311.427897 375.550470 312.759008 5.685764 0.125000 25.850338 
537.687135 548.923416 523.708801 562.477092 3.698692 0.125000 9.756019 
883.884487 306.918660 885.670308 326.982227 3.487554 0.125000 7.948664 
322.143308 293.096908 321.713399 308.120376 2.856529 0.125000 3.908632 
129.441880 267.977006 150.371712 277.435480 2.278170 0.125000 3.101936 
61.655940 237.375714 89.328114 249.482169 2.218777 0.125000 14.525503 
75.333951 350.944601 90.507582 353.758224 4.688295 0.125000 6.113357 
303.347080 473.129451 303.623038 459.359930 2.699870 0.125000 4.504827 
434.613185 364.373606 434.578728 389.377003 2.529282 0.125000 12.824995 
434.126615 340.641576 435.294854 358.147033 4.739199 0.125000 6.954931 
480.328665 195.893772 496.993462 214.267556 5.124765 0.125000 8.230330 
916.886912 125.635317 835.666428 219.410881 5.914411 0.125000 207.617528 
911.262195 366.974249 913.266874 379.352022 5.135530 0.125000 0.404868 
431.791940 544.325741 423.157345 558.885489 5.100908 0.125000 1.671153 
571.925991 215.631702 571.856082 203.125106 2.555858 0.125000 2.643642 
833.171904 408.896256 823.024375 407.902070 3.482409 0.125000 0.037337 
284.392726 191.879417 273.220876 180.508965 7.148663 0.125000 14.998479 
105.981441 148.851542 127.478075 163.489341 4.221286 0.125000 25.917229 
378.587631 202.663683 396.727205 220.773042 3.542900 0.125000 19.793560 
805.458274 319.201105 839.214045 321.620589 6.327695 0.125000 52.633209 
427.535280 502.736644 417.863872 486.293377 4.182317 0.125000 3.146536 
891.884365 340.760391 887.886678 304.128182 4.699274 0.125000 33.130619 
506.853365 394.818294 466.848615 395.891161 3.882696 0.125000 25.741611 
673.197905 239.480032 434.399383 252.328183 4.673202 0.125000 356.768537 
538.987937 533.254547 536.703072 548.474497 4.202296 0.125000 12.824995 
106.883972 502.168231 130.611760 501.442263 2.804644 0.125000 16.230919 
396.935187 490.440933 409.704800 494.616388 3.952782 0.125000 2.516815 
615.730099 528.117824 610.864856 456.858624 3.656144 0.125000 73.840705 
789.373141 233.090576 679.356539 239.033239 3.810208 0.125000 183.130659 
818.982569 129.230953 784.660157 141.724339 6.624777 0.125000 69.971021 
18.137455 270.574207 39.627837 275.843906 2.749014 0.125000 10.351572 
354.279194 451.652912 352.119491 476.895918 8.857932 0.125000 42.037140 
428.167300 252.593431 280.590121 261.282622 4.923763 0.125000 210.517312 
856.643063 488.300423 860.033835 516.944979 3.445458 0.125000 31.743471 
882.683323 249.137471 876.638770 196.758012 4.490167 0.125000 66.719385 
158.430272 508.100640 159.940763 527.029350 4.633011 0.125000 3.761675 
128.021710 312.144043 141.678404 317.387078 2.240068 0.125000 4.926533 
162.236680 468.053098 159.088066 506.952952 3.399475 0.125000 29.710151 
570.953241 203.430329 583.608826 189.825053 3.405450 0.125000 16.596692 
599.093804 200.642173 599.863640 213.247835 3.743026 0.125000 6.012747 
747.879669 343.625212 743.118042 353.121511 4.472767 0.125000 4.416995 
862.961490 265.484388 860.194880 244.107120 5.439951 0.125000 8.233377 
900.948669 232.112390 883.328602 248.231140 5.062304 0.125000 31.709624 
720.490945 289.384718 719.306033 273.039384 2.836402 0.125000 3.587292 
513.921558 461.857445 514.858323 504.364349 3.132831 0.125000 65.333273 
616.920628 344.896622 660.705972 343.768923 6.183562 0.125000 64.974708 
859.066853 519.284987 860.036534 529.431240 3.202187 0.125000 5.829623 
731.468740 451.793784 732.922289 466.894512 3.612980 0.125000 4.109184 
389.482838 397.655154 370.236651 400.315477 4.993049 0.125000 8.156140 
502.317196 561.590204 490.779474 551.933989 3.344703 0.125000 3.732469 
395.884493 220.639762 395.242550 231.924352 3.885934 0.125000 5.143261 
24.170414 336.854706 36.940830 338.979315 1.824155 0.125000 0.411083 
314.028900 476.856803 312.976827 496.867210 3.876087 0.125000 5.911611 
705.670581 342.077584 750.704686 340.664455 6.050903 0.125000 65.519221 
863.400011 259.699737 873.538720 251.113526 2.569550 0.062500 0.147641 
485.547654 348.723234 495.734158 348.308940 8.996755 0.125000 7.849242 
234.353385 492.933189 253.146453 490.815369 5.668443 0.125000 15.130503 
596.249069 458.105101 598.481331 528.113638 3.842196 0.125000 77.891046 
291.901717 312.488274 321.899242 311.181463 2.280018 0.125000 20.125550 
825.550414 481.554728 835.588225 479.217087 2.718363 0.125000 0.090159 
490.083692 551.111436 483.416422 560.825028 2.527731 0.062500 0.147641 
829.188463 213.135215 821.668206 212.022064 3.941574 0.125000 0.971134 
515.845947 510.069158 527.927598 514.871608 2.561318 0.125000 0.866856 
681.574826 195.224021 693.958488 181.370030 3.233270 0.125000 11.120403 
913.555482 286.307442 921.176879 281.499892 2.781369 0.125000 0.411083 
194.972884 280.649721 195.490971 268.119458 2.549505 0.125000 2.736202 
877.517699 252.442377 863.635002 264.793221 4.566476 0.125000 23.955548 
54.282715 144.553057 39.394807 136.836785 3.288790 0.125000 6.919928 
466.022418 209.760804 478.334358 197.078240 2.874143 0.125000 16.949462 
153.885226 520.714688 156.700155 496.854373 3.361503 0.125000 17.967801 
158.051828 185.735397 184.924130 203.546507 2.798557 0.125000 14.528021 
850.807321 328.938071 863.598768 320.057402 6.160789 0.125000 13.071234 
857.380342 269.775375 844.027510 281.478528 4.467939 0.125000 16.371028 
536.906203 347.828522 578.193799 346.477443 6.287539 0.125000 69.364690 
863.262885 126.633613 819.219169 129.322417 5.581842 0.125000 92.600592 
0.707480 372.671307 88.047821 388.549532 3.242932 0.125000 64.150810 
298.371800 455.636472 296.455854 496.855517 3.339676 0.125000 33.515017 
364.803388 216.042511 377.140615 203.383871 2.844629 0.125000 14.835481 
430.904785 389.454505 431.429832 379.351864 2.129452 0.062500 0.287354 
658.089564 299.654334 614.352222 301.251066 4.112333 0.125000 57.045730 
741.820682 295.657919 696.854460 297.664762 4.159047 0.125000 62.932808 
801.858423 183.694559 819.408912 183.266997 5.150733 0.125000 10.493526 
879.038320 371.108848 856.496873 381.014532 4.161715 0.125000 5.478799 
529.930786 514.384289 529.110669 453.095084 3.749664 0.125000 84.114150 
9.310006 332.098443 23.328312 336.176035 2.357140 0.125000 4.504827 
259.375925 175.657476 214.270126 176.941801 6.820987 0.125000 46.399684 
286.917216 357.268357 324.424575 356.304829 5.672466 0.125000 63.696647 
392.426250 512.928100 388.234495 527.803619 3.117415 0.125000 1.498261 
499.351812 307.246270 460.595814 308.268977 5.031234 0.125000 50.060135 
901.718933 431.600786 904.520029 442.775311 2.728906 0.125000 0.004868 
0.415439 484.354692 6.462208 421.956130 3.091180 0.125000 66.347030 
60.302870 289.032433 80.034955 296.037142 4.900476 0.125000 16.189704 
238.482653 397.018043 261.968273 390.988294 2.830268 0.125000 18.001887 
49.679808 406.565230 45.495536 419.332570 5.919216 0.125000 5.911611 
584.897102 189.009052 598.612124 200.301534 3.461350 0.125000 14.647231 
707.831416 200.623094 707.750193 213.130683 2.564885 0.125000 0.866856 
917.979387 500.471540 920.436073 518.151252 2.510026 0.125000 8.692578 
466.905625 349.483620 485.652551 349.723703 5.207679 0.125000 14.155285 
784.362429 447.544048 810.654215 446.975140 2.986161 0.125000 27.667746 
131.873195 504.329114 108.110799 505.264058 1.937048 0.125000 11.605251 
179.371995 499.982594 196.877459 499.900703 2.552600 0.125000 9.826971 
196.453081 261.887961 196.766341 241.873299 2.636628 0.125000 12.495035 
515.489750 438.650556 519.535452 449.314125 5.561665 0.125000 4.039934 
677.565292 450.562860 680.008640 526.854707 7.176057 0.125000 156.061081 
916.028366 355.283412 902.719613 362.362913 5.071854 0.125000 3.665135 
720.310280 466.827909 719.556939 451.865839 3.179534 0.125000 7.163230 
845.717160 486.290393 855.474668 487.828613 5.784452 0.125000 0.691268 
908.719363 224.292995 901.278449 170.362377 4.953078 0.125000 76.430770 
920.991042 213.429111 910.763203 225.739820 4.970020 0.125000 7.655998 
62.423252 452.082556 64.624681 433.009542 3.725268 0.125000 17.940808 
86.853495 530.465416 98.233730 528.931874 2.978410 0.125000 1.730703 
124.341278 331.897022 124.586914 304.388054 5.100252 0.125000 29.816142 
576.835362 303.330985 535.597347 304.896667 4.174121 0.125000 60.465844 
694.864812 181.614451 709.732252 193.036990 3.348418 0.125000 13.692888 
113.646892 183.558659 69.862807 155.567219 4.212683 0.125000 53.634789 
107.969736 193.366033 125.459349 204.632158 2.565764 0.125000 1.970624 
160.706739 528.008937 159.698546 538.157143 2.858479 0.125000 0.004868 
375.491757 451.287491 390.413298 450.205487 6.504844 0.125000 8.590865 
70.674627 524.901236 86.911952 524.447577 3.888179 0.125000 18.733447 
902.377076 171.190170 922.186964 149.555199 6.842245 0.125000 39.544454 
495.685580 215.558906 495.120061 225.735863 3.952285 0.125000 3.433181 
800.624789 228.105946 824.385713 227.842963 3.957280 0.125000 21.384788 
38.844741 136.440663 -0.389093 110.934913 5.500540 0.125000 43.973226 
286.785041 223.187518 294.499665 234.288363 3.705626 0.125000 4.551683 
308.454424 393.140232 309.091527 379.361892 1.768304 0.125000 0.004868 
920.699881 344.365507 913.543110 287.913523 4.803085 0.125000 73.932311 
9.485398 253.016202 18.786939 262.454538 2.949151 0.125000 0.037337 
44.414443 302.979520 40.179195 338.221645 3.179975 0.125000 26.196443 
58.409842 494.403838 62.343930 455.545922 3.227288 0.125000 47.446554 
329.383868 451.619894 354.393023 451.396980 5.178061 0.125000 28.146225 
500.622701 349.375456 503.437048 363.559137 5.147670 0.125000 1.001889 
763.127259 501.260246 716.873399 501.424739 3.865555 0.125000 61.248034 
859.208978 341.889142 861.658315 370.643458 3.473436 0.125000 14.100375 
156.185561 538.148125 156.704591 525.566404 2.703964 0.125000 4.926533 
458.267290 269.744521 498.231009 267.762847 5.416899 0.125000 63.696647 
39.369989 504.005779 58.116537 503.751379 3.919271 0.125000 15.450296 
145.493662 203.341764 126.238729 191.675119 3.886529 0.125000 16.770356 
194.558288 297.732286 208.244123 304.119767 1.812139 0.125000 1.314173 
790.624386 480.162301 811.876007 480.134098 1.274882 0.125000 1.314173 
21.610470 144.801513 12.491783 139.145963 3.845667 0.031250 0.550734 
82.841239 244.347120 88.496462 186.788682 2.344046 0.125000 40.875291 
502.812083 439.381294 512.841042 451.858016 3.743099 0.125000 11.120403 
711.900537 445.591057 758.156388 444.619702 6.091160 0.125000 50.330999 
46.891524 424.267726 66.992230 427.363942 2.470859 0.125000 5.249102 
80.584116 380.884967 93.166094 382.863698 3.121878 0.125000 5.390291 
874.197720 372.997349 867.545218 317.092739 3.516418 0.125000 38.016540 
144.744768 315.415292 138.445228 379.406524 5.343335 0.125000 72.302574 
325.639705 314.727347 288.100753 316.294001 4.111594 0.125000 46.944208 
859.573165 243.251685 856.533672 218.015558 4.320983 0.125000 22.950335 
740.254566 484.314976 738.041177 451.880720 4.818188 0.125000 39.987601 
814.397810 490.190101 795.568485 489.202543 3.548443 0.125000 17.260263 
841.868620 479.425371 855.713175 481.178793 2.496563 0.125000 4.926533 
244.486841 266.470268 268.315844 263.317358 3.225709 0.125000 13.057405 
370.674007 274.462837 408.215210 273.087648 5.376397 0.125000 67.208308 
388.116399 280.424048 375.585852 280.960389 2.925348 0.125000 8.938533 
410.328199 398.106737 409.557211 410.636212 5.067333 0.125000 0.404868 
755.597009 388.450620 709.351562 389.850954 4.240114 0.125000 63.016098 
57.993252 374.942529 73.327594 378.502289 4.218189 0.125000 8.322787 
178.944236 223.810308 146.637315 203.503136 3.477247 0.125000 29.935237 
243.149954 307.022160 265.639192 303.208695 3.697223 0.125000 11.562143 
481.911293 431.760280 503.384829 438.553698 3.891704 0.125000 11.016694 
87.229048 253.455548 77.262799 249.617900 3.147880 0.062500 0.147641 
273.080537 180.828750 259.955577 177.964553 5.151544 0.125000 16.275367 
581.830395 393.007724 538.086172 394.434793 4.359363 0.125000 62.914952 
812.670766 449.240947 814.617100 460.794789 5.747870 0.125000 1.454452 
69.411257 155.571064 60.490829 149.574594 3.452232 0.125000 0.882830 
140.372206 551.680706 95.648400 559.508692 3.354771 0.125000 46.043313 
857.726054 219.043370 870.925871 203.164185 5.779447 0.125000 29.333755 
881.705733 529.372315 882.082360 505.628289 2.856535 0.125000 1.671153 
204.264232 337.990865 201.685656 388.179494 4.865139 0.125000 46.930162 
280.656197 263.126322 274.036871 419.307691 4.254490 0.125000 145.215786 
404.378709 279.423185 390.614043 280.482640 3.547086 0.125000 2.102625 
456.936928 309.376340 457.316007 291.857495 2.634331 0.125000 1.292403 
840.342133 238.853047 851.618836 223.873149 5.487067 0.125000 9.511353 
886.030531 228.072831 882.489378 200.545964 2.001097 0.125000 3.311349 
877.734760 197.796809 893.282922 179.309059 6.000191 0.125000 35.768372 
893.318974 352.025405 891.848481 341.700745 3.183776 0.125000 0.882830 
109.379548 430.586559 79.356153 427.034291 1.828827 0.125000 13.076726 
108.020020 410.739901 109.162608 399.353687 2.237890 0.031250 4.762859 
191.867190 514.505973 204.397173 515.253168 1.843052 0.062500 2.192446 
245.670439 222.598861 268.160285 221.187097 3.820946 0.125000 12.350922 
906.256959 435.686507 904.261560 415.636290 2.735288 0.125000 13.955780 
215.549587 246.992672 184.879893 227.337184 3.698061 0.125000 29.313135 
805.619375 271.999339 830.618957 272.101653 3.836936 0.125000 27.325366 
80.908763 296.791770 76.587520 346.957910 2.812605 0.125000 39.465091 
664.337728 390.763266 619.346390 392.271632 4.376148 0.125000 69.766411 
73.075736 377.005968 80.741150 379.889334 5.270248 0.062500 1.336971 
421.147267 475.688533 422.832006 461.839358 1.877910 0.125000 2.217263 
680.352895 214.397870 679.396448 203.018137 4.364972 0.125000 2.516815 
872.919495 132.742840 863.210112 126.069975 8.690804 0.125000 7.651728 
11.526877 161.975689 13.763051 141.946235 2.761951 0.125000 7.024433 
855.340764 384.398281 854.103672 369.294839 5.289441 0.125000 0.635067 
106.889883 474.573690 75.628453 474.131125 2.145863 0.125000 9.826971 
157.998606 420.613487 159.138105 408.103422 1.925179 0.125000 0.411083 
480.644336 492.817427 460.644797 491.560097 1.561258 0.125000 2.217263 
493.094729 274.892149 463.094282 276.131334 3.271690 0.125000 21.556116 
268.621993 414.449966 274.362349 280.678097 3.741797 0.125000 169.734597 
838.145595 356.646276 814.363311 354.504812 2.714130 0.125000 11.129899 
846.863408 465.682832 823.067234 460.913199 2.942566 0.125000 17.085330 
94.536123 559.463950 0.641578 570.762763 3.862084 0.125000 99.994744 
367.568662 371.881482 367.364619 354.369295 3.676928 0.125000 6.345855 
370.136393 466.893899 369.557071 451.916307 3.314516 0.125000 8.938533 
694.442432 257.272681 738.221420 255.481017 5.558069 0.125000 61.815920 
18.506685 210.525931 25.344601 150.593008 2.733951 0.125000 58.825605 
786.255472 481.933932 783.146839 449.254018 2.962246 0.125000 35.698266 
109.392941 441.671999 79.406220 439.021751 1.940058 0.125000 14.835481 
182.722874 458.166724 183.707709 438.153675 3.234231 0.125000 10.590395 
403.125214 398.280637 389.373523 398.299520 2.517161 0.125000 3.620108 
900.542694 415.633952 902.050012 429.491925 3.457684 0.125000 6.860001 
73.211989 345.633413 76.959552 306.883177 2.567792 0.125000 16.748302 
391.912851 449.085863 404.202237 450.694691 4.135845 0.125000 2.102625 
570.625738 270.639090 539.330635 272.277703 3.744870 0.125000 26.196443 
108.161322 452.569150 78.126209 450.606505 1.761113 0.125000 11.175361 
650.614213 266.671586 618.139252 268.393746 3.347568 0.125000 34.087415 
721.873445 497.584217 758.126739 497.479997 1.354205 0.125000 29.309963 
53.491577 326.936754 54.065568 311.910930 3.985845 0.125000 0.404868 
374.179311 366.875457 374.237668 391.875321 1.285011 0.125000 4.023443 
144.799734 271.907745 148.757116 220.577363 1.630643 0.125000 27.770830 
409.776209 276.860181 409.556897 289.421823 2.477608 0.062500 4.829077 
897.233094 313.083221 901.760538 351.888354 2.545287 0.125000 28.993689 
4.229787 129.607100 28.941486 145.067905 2.923748 0.125000 29.864289 
79.482760 558.772785 138.269478 548.993512 2.869363 0.125000 32.867108 
239.685553 351.955280 263.315026 346.438989 3.244639 0.125000 14.014262 
235.883215 446.454319 259.663091 439.050273 2.894129 0.125000 16.238815 
358.420518 528.131083 358.729164 513.137437 3.697754 0.125000 1.970624 
366.478109 396.949855 367.327104 373.096601 4.103326 0.125000 14.155285 
383.901425 229.384360 383.853875 220.627830 2.499963 0.062500 0.766245 
396.833268 233.726370 471.844451 228.900192 3.210335 0.125000 86.643890 
488.145728 567.935969 440.615028 568.864562 5.218792 0.125000 66.965683 
10.309517 295.708814 6.257577 280.456944 3.454759 0.125000 0.691268 
16.709696 367.767212 44.416579 372.900583 3.596753 0.125000 32.611883 
77.174861 198.157035 78.773375 183.194268 2.087498 0.125000 2.736202 
279.365568 452.287810 318.121412 452.507637 5.177170 0.125000 49.257261 
636.258047 361.919691 637.795861 383.148842 3.306274 0.125000 3.068441 
76.949283 249.226884 60.956580 241.206288 4.486361 0.125000 14.167452 
360.172707 479.373774 360.081243 513.123526 1.338072 0.125000 6.072814 
11.715899 366.388085 15.809202 367.241528 3.212777 0.031250 1.615203 
295.559703 239.393505 375.599794 235.149605 3.149077 0.125000 66.965683 
534.428057 265.632359 574.462265 263.943031 5.453951 0.125000 60.078703 
815.806723 476.704103 817.330499 489.469835 4.964756 0.062500 1.307879 
195.837844 523.010714 194.719157 533.162923 2.758780 0.125000 3.120353 
158.098166 435.884279 139.418871 433.951095 1.585962 0.062500 2.192446 
289.459051 278.730499 325.691327 277.089234 5.051443 0.125000 54.674852 
323.119505 400.442043 285.615791 401.568384 4.048502 0.125000 55.598256 
369.718544 503.129131 370.139477 468.119162 2.544903 0.125000 37.437773 
846.983056 248.113366 849.273379 269.385941 2.179478 0.125000 6.012747 
875.727517 368.297184 884.934812 362.815243 3.236608 0.125000 0.037337 
43.246978 155.418905 58.190981 164.263518 2.744257 0.125000 2.102625 
125.218091 499.446308 130.196204 440.588733 2.156445 0.125000 42.651784 
116.820949 432.404745 131.792628 433.932325 1.852686 0.125000 2.217263 
158.608604 281.909199 160.907936 249.395009 2.846480 0.125000 31.044843 
89.288778 350.617133 102.049763 210.754995 3.048493 0.125000 141.785784 
371.934134 517.180851 381.919709 516.801325 5.138817 0.125000 1.191767 
104.383132 508.317161 74.383959 509.586698 1.988804 0.125000 11.976690 
65.602063 546.680470 88.229641 544.012475 2.190056 0.125000 13.957433 
108.114980 463.398877 76.861081 462.255464 1.660467 0.125000 12.198356 
518.729163 537.239100 512.643100 547.337897 3.026437 0.125000 0.037337 
548.114254 526.640080 559.454885 526.121302 4.260177 0.125000 5.373519 
613.174624 261.561578 655.753781 259.305570 5.125271 0.125000 56.416564 
793.263422 474.472094 792.377628 464.331097 2.925600 0.125000 2.736202 
18.193662 340.079833 0.656974 337.871134 1.855205 0.125000 0.866856 
45.466220 372.748735 57.016260 374.847676 3.241330 0.125000 9.441983 
275.815032 281.847816 273.637131 266.622929 5.303633 0.125000 1.679205 
917.413752 515.746283 913.958419 495.482885 1.891064 0.125000 8.538893 
58.132993 507.331405 40.616474 507.638156 1.534337 0.125000 9.441983 
72.889589 171.019264 90.742138 181.678819 2.802928 0.125000 16.949462 
255.324278 494.120027 253.021923 530.697193 6.778452 0.125000 52.401544 
316.876608 504.647838 276.870631 504.883620 2.691498 0.125000 34.544412 
456.773695 290.651525 456.306722 266.861618 2.474987 0.125000 5.122303 
50.592520 535.255065 71.897780 533.384455 2.162429 0.125000 14.860523 
105.625000 485.625000 74.375000 485.625000 1.250000 0.125000 8.538893 
555.933151 371.860414 556.585322 385.638711 1.839605 0.125000 0.866856 
826.715408 485.383108 845.649886 483.357638 2.798026 0.125000 4.551683 
908.146456 485.204121 891.875020 484.374608 3.936062 0.125000 9.629733 
140.477543 529.363037 139.663354 539.398395 1.852404 0.031250 0.500486 
149.662848 396.897444 158.531347 283.156683 3.332997 0.125000 98.925005 
263.147618 505.620474 263.221371 485.620746 3.814508 0.125000 6.883130 
406.685905 494.506799 418.573600 511.562326 1.733132 0.125000 1.730703 
912.229416 204.329756 908.400976 174.339770 1.714799 0.125000 8.582392 
0.583849 531.161475 70.639199 527.121205 3.119174 0.125000 61.386749 
110.675736 421.519182 80.749480 417.252008 2.653736 0.125000 18.782036 
89.300809 543.946775 119.477828 538.718511 2.676691 0.125000 18.036967 
426.931749 564.117774 384.398312 563.242351 4.844609 0.125000 43.397066 
829.311705 488.859284 844.391388 487.008530 2.481381 0.125000 6.276442 
127.032987 547.818137 111.831378 550.364591 2.471900 0.125000 7.635803 
135.154627 431.705341 133.031030 453.239005 5.221216 0.125000 13.068958 
417.026464 496.808188 424.044954 512.719200 1.931760 0.125000 0.004868 
65.587636 540.352828 100.613937 535.544412 2.355110 0.125000 20.483124 
180.736311 431.032346 168.126111 429.366587 2.057726 0.125000 1.314173 
405.426539 450.628968 405.202192 439.408447 3.849202 0.125000 1.807095 
465.337254 437.156356 480.826991 432.554968 3.333960 0.125000 3.908632 
485.660915 213.905997 474.392334 214.105261 3.727313 0.125000 1.114381 
0.557936 544.633242 64.438466 540.313557 2.192685 0.125000 39.288950 
82.074452 410.659800 111.886826 415.552948 3.498032 0.125000 20.531057 
64.459986 553.703081 128.300337 544.317658 3.126809 0.125000 38.559157 
883.292266 498.109409 884.573657 511.856483 1.824665 0.125000 0.411083 
76.163559 180.672418 74.743815 196.797415 2.271099 0.125000 4.504827 
116.847099 542.932375 101.977999 545.086094 2.653367 0.125000 4.331879 
153.152679 506.579218 131.848087 507.197200 1.955296 0.125000 0.971134 
830.618177 374.154396 841.885333 374.102118 5.028945 0.125000 0.087606 
820.662790 213.650441 795.612564 215.452085 2.233149 0.125000 9.440800 
911.719032 179.393846 915.643589 211.872754 2.140684 0.125000 17.138170 
55.720422 191.762009 48.609598 264.422425 2.651883 0.125000 63.807188 
158.098756 445.945810 139.371823 444.413839 1.653505 0.125000 2.217263 
191.889197 498.125929 195.163732 448.094810 2.354152 0.125000 21.596602 
208.590486 355.656139 210.771641 323.051189 4.154509 0.125000 46.875053 
499.086637 266.882180 500.051632 305.639276 2.530339 0.125000 42.856313 
5.436224 330.760734 7.876296 311.683310 4.354048 0.125000 24.818135 
141.987649 385.117701 119.222329 380.062534 3.931800 0.125000 21.457696 
715.226721 499.405305 711.131585 445.586453 2.668993 0.125000 66.231675 
851.601302 345.659324 849.401917 328.121624 2.484628 0.125000 4.323936 
136.468685 207.566842 151.442737 216.361023 2.600560 0.125000 4.323936 
141.822421 419.693431 159.460719 422.605867 2.873886 0.125000 9.445550 
267.289154 486.892484 266.973103 494.379141 2.603219 0.062500 0.712113 
906.617169 319.407372 910.383560 349.405314 2.018868 0.125000 21.182153 
114.158511 441.918103 113.789274 429.355476 5.144737 0.125000 0.001379 
167.126679 424.512759 181.826637 426.078932 5.104290 0.125000 7.402990 
200.125986 213.869763 209.633091 220.239807 2.440508 0.031250 4.762859 
322.318554 359.164480 320.020623 367.967229 4.575592 0.125000 3.433181 
367.819041 311.902602 368.916653 274.361599 3.711867 0.125000 19.017698 
536.082331 356.935327 535.500424 349.289348 3.928904 0.031250 4.897251 
579.669142 345.679690 582.386176 393.167272 2.387223 0.125000 46.763796 
886.698986 213.144206 889.139923 235.514255 2.191758 0.125000 6.012747 
123.222937 229.274091 109.092462 390.600253 2.908614 0.125000 162.640379 
158.178735 427.671024 143.094163 425.885526 2.188806 0.125000 0.882830 
885.331244 445.653240 884.010047 431.910085 2.727761 0.125000 0.142184 
151.556688 218.101140 147.335935 274.409551 2.431418 0.125000 58.729284 
205.975824 405.644912 208.745880 356.839293 3.275137 0.125000 66.276754 
18.001908 380.234114 4.353003 378.278528 2.120154 0.125000 0.090159 
274.102323 430.615097 273.373643 450.679427 2.861286 0.125000 3.101936 
583.115165 531.592301 568.089864 532.115005 2.802702 0.125000 4.323936 
161.432097 239.375123 161.433812 228.124933 2.500572 0.125000 3.120353 
305.563489 373.078243 304.806857 394.301268 4.415660 0.125000 20.855022 
850.000145 303.098007 849.402605 316.930192 2.820198 0.125000 0.296176 
875.657368 325.620870 880.288385 361.917948 2.030952 0.125000 19.654789 
104.375257 496.882371 73.119654 497.971586 2.032861 0.125000 18.132791 
176.889000 306.875823 178.798276 274.414600 1.835000 0.125000 17.841313 
211.177487 320.657643 213.099697 288.123505 3.153672 0.125000 23.323358 
270.804335 254.621670 248.134876 250.569746 2.021120 0.125000 11.248163 
566.888445 533.070852 539.377869 533.380160 3.904348 0.125000 37.173650 
576.044870 263.105721 577.825659 301.888745 2.497369 0.125000 42.856313 
854.006234 365.662041 852.116693 346.850723 2.862273 0.125000 5.373519 
10.646156 141.877149 8.622325 161.798535 2.846429 0.125000 4.109184 
0.668342 566.056464 78.139981 558.274130 2.618066 0.125000 54.087475 
111.950344 473.081623 112.455705 459.396444 4.208727 0.125000 2.753328 
121.338210 362.007616 123.282820 333.220099 5.646067 0.125000 27.346786 
143.500731 539.415752 144.721262 528.162556 2.485424 0.125000 2.217263 
533.816717 304.348868 532.353133 265.606937 2.545407 0.125000 42.856313 
628.034828 422.757119 640.693465 419.654319 2.154271 0.125000 2.217263 
825.674705 514.515885 822.261080 485.432964 5.251618 0.125000 41.473903 
93.215857 533.849914 46.909925 539.653655 2.788176 0.125000 35.877523 
73.095794 532.948907 85.664691 530.864316 2.051245 0.125000 0.090159 
618.713444 391.842520 616.091974 344.349225 2.557028 0.125000 45.081364 
645.546909 419.828457 655.677009 421.572999 2.039444 0.062500 3.120353 
817.594040 490.567498 819.497147 514.365232 2.890622 0.125000 22.777072 
837.439251 219.281572 839.721924 233.067557 3.087046 0.125000 5.143261 
864.323684 226.881559 867.822361 254.253910 2.032328 0.125000 8.598709 
153.147360 496.110140 134.379615 496.975124 1.996824 0.125000 0.882830 
198.318329 391.884274 199.757054 361.893328 1.488148 0.125000 8.050607 
326.025913 355.599944 324.733810 399.385588 2.388299 0.125000 45.565583 
418.726586 461.945778 416.081426 484.428699 4.162485 0.125000 7.007987 
422.995535 559.141302 441.820349 557.498684 5.198393 0.125000 19.371705 
795.086849 489.770764 789.485093 493.299757 5.563060 0.125000 2.596246 
883.027978 360.634244 879.453380 323.117532 4.384641 0.125000 23.374609 
911.015985 471.984881 907.946427 447.987949 2.508706 0.125000 5.918267 
154.375769 485.767346 135.626316 485.868614 1.337749 0.062500 0.766245 
198.322291 440.557792 197.278910 456.900787 3.052409 0.125000 4.551683 
203.124651 429.638402 235.626250 429.681472 3.786439 0.125000 20.280360 
865.450027 464.397996 862.802468 444.253107 3.293093 0.125000 11.284114 
31.953594 335.634038 36.275030 298.056004 2.185565 0.125000 23.955548 
613.422199 299.419268 611.678292 261.884139 2.582958 0.125000 41.953223 
784.574264 513.106766 782.057925 485.608261 2.489598 0.125000 23.197916 
814.416725 461.756807 815.695540 475.732921 2.823205 0.125000 10.345073 
838.147765 305.098964 804.352866 303.636462 2.173397 0.125000 19.654789 
832.626179 529.334596 830.745429 494.368522 5.905290 0.125000 43.134343 
0.616000 551.767278 66.925328 546.227396 2.185470 0.125000 53.148757 
105.663265 552.191189 66.876228 556.885150 3.011472 0.125000 30.049239 
106.873951 538.118010 95.504830 539.824304 2.657835 0.125000 1.853182 
151.945731 522.696856 95.682149 527.539039 2.904343 0.125000 29.809913 
187.497470 269.421056 185.361444 298.290473 3.647543 0.125000 15.902715 
409.026109 468.149633 409.539206 449.379489 1.317847 0.062500 1.942456 
245.623209 248.137200 263.113218 250.705245 3.199838 0.031250 3.944684 
281.879307 501.283326 313.127969 501.078891 1.438058 0.125000 18.733447 
327.621481 284.369650 327.302734 314.366263 1.555413 0.125000 25.697603 
656.862058 421.905607 668.199259 426.699377 2.480298 0.125000 3.120353 
708.147818 214.699751 774.334551 210.049320 2.601823 0.125000 42.103028 
886.510329 474.369307 886.900521 449.375398 3.847103 0.125000 10.265994 
0.170288 77.549453 28.346863 96.545921 2.143109 0.125000 21.892808 
231.989336 335.568756 228.457050 406.891445 4.042715 0.125000 54.181311 
817.622264 435.704712 815.566308 422.737917 7.211718 0.125000 11.792106 
845.912783 280.844948 848.127933 303.124708 4.109774 0.125000 9.507059 
180.604406 494.373967 181.730171 471.930435 3.119080 0.125000 4.307252 
209.140824 253.114754 207.007165 301.880783 3.090749 0.125000 30.713465 
536.946249 393.159594 535.917787 358.116407 2.388915 0.125000 32.141916 
662.090120 343.110559 665.197863 389.403675 2.494386 0.125000 48.546700 
12.054757 259.901994 0.581617 257.049494 2.411012 0.125000 0.971134 
214.776600 282.866905 212.839992 270.474201 3.898029 0.125000 7.720497 
467.791783 553.308974 455.105413 550.360999 4.245239 0.125000 0.417013 
228.083695 517.465742 161.858710 521.614998 2.576344 0.125000 30.842755 
180.607838 188.948590 168.113263 188.688226 3.150228 0.125000 4.023443 
170.210059 398.183491 176.252416 311.918947 2.406548 0.125000 49.467752 
204.269116 299.369016 205.963091 269.394107 1.459595 0.125000 10.345073 
185.380335 299.357788 178.255632 400.634190 2.775840 0.125000 96.845131 
893.218563 203.274378 896.435875 228.181722 2.277899 0.125000 7.853232 
6.167406 273.481939 14.642482 290.491728 3.925667 0.125000 0.296592 
94.482219 539.868265 86.801693 541.537746 2.442954 0.031250 3.492164 
355.630584 530.819739 323.121472 531.751960 2.498973 0.125000 19.652552 
608.877433 436.238837 627.789958 421.446633 3.421473 0.125000 10.775739 
695.456762 296.887739 692.423724 256.833449 2.512306 0.125000 44.662493 
707.861431 388.144236 704.477337 341.776302 2.557217 0.125000 49.438383 
835.758199 275.612698 833.676590 253.074057 1.354363 0.062500 0.147641 
0.565968 558.735502 63.109958 552.962047 2.240432 0.125000 46.875053 
91.579848 183.101236 86.447917 246.840614 2.650423 0.125000 53.642076 
463.752611 278.156244 462.570098 301.909604 1.937542 0.125000 7.818310 
816.967566 523.114979 813.714047 493.061232 2.350943 0.125000 24.091491 
0.621509 538.071057 49.409868 534.913814 2.010447 0.125000 33.668840 
66.991953 556.828715 0.639621 563.275483 2.382268 0.125000 60.987150 
68.265869 530.711026 50.567235 532.577150 2.549679 0.125000 9.826971 
535.633997 565.052338 503.116278 564.891822 7.549271 0.125000 51.864033 
29.200835 146.725721 21.861748 216.742587 2.708080 0.125000 56.522334 
255.689242 435.458266 240.606891 434.774351 2.440810 0.125000 6.276442 
560.640234 423.021622 574.458561 425.057966 2.512314 0.125000 2.736202 
791.868054 179.265853 823.150462 177.275100 1.961960 0.125000 20.518511 
870.541611 250.640392 867.335419 233.270746 2.363731 0.125000 2.643642 
230.624980 459.369558 200.625381 459.479183 1.286533 0.125000 7.635803 
585.616112 429.383584 602.828222 447.204333 2.973678 0.125000 8.739180 
85.733804 541.867292 0.620339 549.321785 2.799707 0.125000 50.071644 
496.843714 227.611069 573.115441 222.967977 2.408326 0.125000 68.313049 
213.658587 270.629593 213.776923 256.880611 2.532182 0.125000 1.730703 
851.841028 268.128584 849.335483 244.379169 2.355056 0.125000 13.955780 
875.744075 493.113988 879.099911 529.400441 2.971354 0.125000 21.335932 
85.274369 294.339613 79.841424 348.172073 2.110815 0.125000 22.727161 
234.374988 441.868879 203.125100 441.927904 1.266525 0.125000 5.390291 
235.847339 274.184620 233.737508 299.426197 4.149674 0.125000 12.167842 
321.625836 516.866018 322.527528 491.853461 2.498377 0.125000 15.517445 
102.028284 397.324538 89.277745 394.882874 1.567206 0.062500 0.766245 
169.603834 251.891308 159.271804 396.867646 2.401997 0.125000 100.877823 
739.105954 254.397755 742.596593 295.669691 2.615033 0.125000 37.833239 
820.353931 447.487507 817.190598 436.427226 5.667804 0.125000 5.351204 
276.698715 503.118406 278.569828 453.094883 2.217914 0.125000 40.114418 
885.591979 515.730370 899.539150 520.101202 5.518807 0.125000 7.150994 
199.394900 503.859137 180.624612 503.135057 2.883614 0.125000 1.191767 
390.924304 283.130653 390.499499 305.622630 1.320591 0.125000 2.217263 
919.177517 521.846812 918.909381 535.615933 2.694226 0.125000 1.730703 
64.245540 201.862454 67.880853 164.351339 2.006037 0.125000 21.465119 
84.393556 548.283399 70.540797 549.906228 2.192138 0.125000 1.853182 
84.415537 528.439374 67.955669 530.561811 2.760053 0.125000 8.692578 
200.895531 398.177390 186.738467 394.979416 3.264835 0.125000 11.605251 
234.127744 300.610205 232.330095 330.652232 3.593977 0.125000 19.925204 
240.585795 430.053523 271.875783 431.861449 4.342735 0.125000 14.554940 
656.915839 259.306156 658.987271 298.145679 2.546386 0.125000 41.100438 
233.125000 485.625000 210.625000 485.625000 1.250000 0.125000 2.217263 
272.541927 469.354823 270.940374 515.635913 2.974037 0.125000 31.551762 
759.145970 445.514545 761.595383 468.155251 3.862694 0.125000 7.546405 
791.601928 195.653885 790.135905 181.794513 4.123663 0.125000 3.539647 
28.327517 374.598839 8.364954 370.659145 3.953510 0.125000 4.282867 
60.497206 235.608890 63.018118 215.611526 1.719745 0.125000 5.829623 
101.875618 545.629526 84.528206 547.997409 2.532164 0.125000 8.938533 
789.362848 451.327990 809.380738 450.883293 1.638358 0.125000 8.538893 
800.625026 266.876456 833.114899 266.302856 1.602845 0.125000 13.054343 
266.114869 493.084669 267.460570 509.429703 3.312102 0.125000 2.516815 
522.142063 448.299481 527.071974 440.753690 2.092916 0.062500 0.712113 
882.943535 326.898011 887.058916 359.351678 1.693886 0.125000 11.175361 
603.463475 447.652822 608.605466 437.726374 2.339781 0.031250 5.528093 
761.684839 469.286418 764.200876 499.389553 2.387201 0.125000 23.661736 
45.489823 419.150818 41.813669 441.865074 2.739012 0.125000 6.717101 
83.022017 415.113672 111.907652 419.140796 1.470268 0.125000 11.248163 
219.995916 253.998301 215.879085 247.212497 6.219900 0.125000 4.416995 
230.625000 476.875000 199.375000 476.875000 1.250000 0.125000 6.276442 
283.773488 400.652549 285.633226 356.875349 1.938582 0.125000 35.631593 
506.885049 517.473557 483.141741 517.872165 1.648488 0.125000 8.938533 
794.400792 486.199930 814.371640 486.962941 2.307285 0.125000 2.643642 
905.805963 458.101173 907.768637 473.007336 2.315430 0.125000 4.504827 
100.880048 263.150698 96.727815 304.360170 1.513216 0.125000 18.360118 
831.879505 259.954842 798.122628 259.727899 1.460056 0.125000 16.666703 
38.513078 218.140993 39.029443 205.610760 1.763623 0.125000 1.853182 
328.125000 476.875000 328.125000 458.125000 1.250000 0.031250 4.077185 
813.250455 393.224918 812.339522 382.972661 3.735285 0.125000 1.807095 
46.914723 538.664940 0.639303 542.069412 2.072060 0.125000 33.934026 
113.046686 529.890112 139.397066 527.082065 2.271858 0.125000 21.182153 
371.906324 531.528022 358.155544 530.286663 2.602262 0.125000 1.730703 
535.469149 432.888439 544.442128 426.976891 2.419213 0.125000 1.314173 
206.796373 307.042550 193.667929 300.881741 3.533877 0.125000 14.860523 
634.779235 294.347598 633.086581 269.377604 1.500759 0.125000 6.732713 
795.621824 223.011617 826.882312 222.136059 2.394029 0.125000 21.372528 
820.144135 458.151840 819.583822 448.113344 2.565777 0.062500 4.299744 
69.412049 549.794504 0.646420 555.867541 2.525838 0.125000 58.679192 
49.407900 532.412113 0.611283 535.401064 2.036783 0.125000 42.893485 
872.347125 513.227732 869.524528 491.855252 2.642142 0.125000 11.120403 
246.866421 169.234718 219.392734 170.914966 1.629196 0.125000 9.441983 
751.897465 340.500059 756.576546 388.154305 2.488035 0.125000 40.155979 
858.139139 530.338703 834.385343 529.165569 2.435298 0.125000 10.265413 
486.930360 560.133297 500.647219 561.677651 4.146010 0.125000 1.191767 
309.649689 290.604362 309.252551 309.372409 1.250000 0.062500 4.324473 
808.297805 344.355328 805.861741 322.955754 2.736254 0.125000 9.440800 
32.111146 143.994267 2.047186 125.347389 1.317718 0.125000 3.482648 
572.116421 296.858293 570.474774 273.135396 1.678492 0.125000 7.635803 
640.574802 218.683658 679.392437 215.865156 3.378063 0.125000 19.804507 
502.189146 566.331737 489.220679 568.413770 6.125652 0.125000 6.203819 
541.939614 296.871139 541.041999 281.850081 1.769718 0.125000 0.971134 
679.353775 526.924305 618.100819 528.007110 3.970350 0.125000 66.410732 
25.628880 498.296202 0.613399 498.863068 1.702775 0.125000 11.605251 
40.203209 203.187935 41.249241 189.422436 2.871668 0.125000 9.441983 
118.154898 142.078173 106.963307 143.725090 2.655349 0.125000 0.090159 
375.560398 283.120929 374.143110 305.610386 1.876479 0.125000 1.807095 
409.905592 484.481360 410.890575 467.991532 5.363769 0.125000 14.945513 
920.705209 540.941451 888.123532 538.142085 2.490823 0.125000 17.203289 
445.589116 565.330534 428.066885 564.672513 6.433233 0.125000 17.193150 
538.984265 274.360383 539.388511 298.124770 1.653763 0.125000 3.120353 
701.847988 516.472163 785.616472 515.103164 4.692949 0.125000 151.855752 
841.057118 260.725700 838.727050 241.800874 2.041652 0.125000 6.276442 
554.631409 298.116032 553.800226 274.351384 1.380315 0.125000 4.023443 
571.868083 486.874885 571.513686 508.118972 1.437474 0.125000 1.314173 
618.128606 270.624824 619.286363 294.379320 1.978728 0.125000 4.416995 
620.636982 219.617485 639.402928 218.690174 1.995339 0.062500 0.683127 
911.547465 538.089015 912.919324 525.602403 3.031093 0.125000 1.730763 
212.289753 406.823189 216.629646 336.859780 1.808059 0.125000 43.511492 
218.956851 296.856355 219.735607 279.391079 2.386157 0.031250 4.268462 
500.564983 232.940250 518.086611 232.207298 3.694480 0.031250 7.354677 
789.628098 495.603978 791.183309 514.328629 1.974097 0.125000 6.732713 
275.567709 175.866512 248.129125 169.357611 1.566952 0.125000 10.345073 
865.512340 349.387514 867.600165 368.183298 1.518360 0.125000 0.971134 
479.630559 276.878980 479.319160 296.874130 1.327707 0.125000 0.411083 
594.439683 220.242615 576.851061 221.553898 1.656682 0.125000 2.217263 
794.155435 213.150412 791.997474 194.505500 2.535150 0.125000 2.916052 
176.931823 523.758277 194.403318 522.190594 1.708018 0.062500 2.550976 
613.119362 224.815578 636.897461 225.119876 3.909648 0.125000 2.474556 
14.323281 291.870208 10.731810 330.634896 2.513147 0.125000 18.736307 
94.603424 329.393379 92.796700 351.848585 1.250000 0.125000 2.217263 
217.049195 331.874434 216.980170 310.628719 2.532475 0.125000 1.725799 
287.127364 315.633603 288.364523 279.340555 1.944940 0.125000 26.600693 
18.143124 459.126466 5.618574 458.213115 1.883092 0.125000 1.314173 
30.620502 446.938441 6.901101 445.256841 1.423666 0.125000 2.736202 
78.074963 383.356263 50.512960 377.392831 3.600779 0.125000 12.343629 
431.887333 236.954404 465.622833 236.641435 2.604256 0.125000 8.156140 
686.480010 451.898574 690.135892 513.154191 1.750855 0.125000 40.114418 
34.369103 522.859313 49.389448 522.525924 1.499334 0.062500 1.942456 
54.466329 387.715395 74.315658 392.141147 1.764100 0.125000 3.620108 
135.619254 483.752560 153.129231 483.912891 1.410180 0.125000 1.853182 
546.826853 231.219953 569.388717 229.561627 2.951421 0.125000 0.404868 
263.099716 518.126570 321.868997 517.531824 5.062991 0.125000 75.381666 
29.731695 178.163323 26.649514 206.850774 1.250000 0.125000 6.732713 
0.339086 92.302862 59.431359 131.790660 1.753432 0.125000 44.475484 
49.664982 377.633744 29.191937 374.224241 3.699055 0.125000 5.911611 
89.364620 483.795450 100.633393 483.593614 1.428882 0.062500 0.766245 
114.902795 241.927387 117.015817 220.638977 1.500060 0.125000 4.926533 
596.953739 528.216435 583.097832 527.274753 2.409489 0.125000 2.736202 
780.543656 136.827719 770.958257 153.318706 1.708861 0.125000 4.926533 
494.493476 300.622919 494.076427 276.880245 1.315667 0.125000 3.120353 
811.741314 125.268786 781.744247 136.526602 1.756837 0.125000 13.076726 
624.374633 521.831550 646.873025 521.641368 2.658401 0.125000 14.647231 
650.644379 222.247259 671.836948 221.144038 2.106720 0.125000 2.580939 
98.947463 308.085014 102.098305 274.395885 1.907133 0.125000 9.516909 
294.375000 288.125000 294.375000 309.375000 1.250000 0.125000 1.314173 
319.332457 243.448691 354.316073 241.841965 3.975449 0.125000 28.123170 
862.102767 490.595126 865.067410 513.198134 1.991091 0.125000 10.715887 
209.364480 521.333462 225.632623 521.017449 1.541088 0.125000 6.732713 
95.744215 344.385408 98.687427 310.674103 1.512051 0.125000 10.443833 
274.349597 528.799965 308.098836 530.070174 2.216156 0.125000 20.598127 
876.335604 470.572458 874.674196 448.102877 2.216673 0.125000 0.417013 
130.204861 234.349950 132.140197 201.890812 1.825990 0.125000 5.373519 
34.301365 143.116272 31.782916 164.364086 1.765553 0.125000 0.142184 
478.384203 300.614437 477.466777 278.100885 1.452544 0.125000 2.736202 
525.164610 510.635224 524.692301 489.367953 1.638241 0.125000 13.054343 
291.822320 245.966524 318.201073 244.436897 3.454262 0.125000 3.401738 
242.302506 268.147112 240.493718 303.118210 1.915563 0.125000 3.268076 
250.631481 531.991288 235.608478 532.828553 1.804522 0.015625 3.281144 
803.254290 301.863450 800.354045 269.399206 1.578725 0.125000 14.860523 
555.818210 274.363855 557.115970 296.861100 1.679847 0.125000 0.882830 
670.273197 493.145087 671.842316 520.626866 1.604241 0.125000 10.345073 
16.751465 118.319335 58.014207 144.549291 1.545200 0.125000 13.883364 
775.678899 134.405881 766.507152 150.414247 1.547795 0.062500 4.299744 
280.487214 172.504832 253.199349 166.535146 1.640819 0.125000 9.826971 
544.371968 493.061335 558.150248 492.405166 1.664818 0.125000 0.411083 
568.125000 476.875000 544.375000 476.875000 1.250000 0.125000 3.120353 
651.591119 521.885557 650.568092 494.377116 1.806595 0.125000 16.666703 
290.584862 183.162182 280.981170 172.795058 1.631421 0.062500 0.766245 
389.375326 240.632226 403.153676 240.010233 1.643326 0.015625 7.399113 
426.507278 518.033662 420.295207 543.043083 1.250000 0.125000 4.023443 
112.925748 174.687097 141.854984 193.156353 1.256031 0.125000 9.441983 
647.064140 519.365629 645.269391 483.142619 1.434043 0.125000 14.860523 
37.009312 386.597125 53.134699 388.014668 3.516669 0.031250 14.054353 
146.962115 192.989135 114.275222 172.030614 1.485704 0.125000 15.166673 
58.220328 127.983498 0.714373 89.242338 1.462340 0.125000 37.463814 
250.606086 165.252164 215.632679 167.026369 1.311726 0.125000 12.151253 
736.879134 528.814160 763.128189 528.656702 1.407439 0.125000 1.268867 
74.720044 412.758849 70.451160 437.883074 6.371077 0.125000 43.248208 
34.464100 106.743789 9.220812 89.602061 1.250000 0.125000 3.620108 
824.645933 175.598077 822.911701 158.146196 1.367480 0.062500 4.324473 
69.724364 436.902226 68.353730 454.490237 4.596414 0.125000 5.758329 
608.224691 494.373446 607.912662 474.358823 1.250000 0.125000 0.411083 
66.959545 460.627531 66.285436 483.144772 3.748321 0.125000 9.722571 
64.606186 483.133245 63.803134 505.649186 1.338314 0.062500 3.348450 
310.625000 249.375000 283.125000 249.375000 1.250000 0.125000 5.829623 
