212.870537 25.491930 227.772689 45.564573 4.987754 0.125000 33.373985 
358.445157 104.942321 366.932250 118.852727 4.376326 0.125000 22.777072 
188.795699 33.874436 212.430353 26.053195 5.907801 0.125000 38.638242 
324.135713 116.180546 358.538920 104.326270 4.519202 0.125000 40.315623 
539.970372 135.296690 530.445435 154.288749 4.466010 0.125000 13.071234 
221.108690 52.194647 271.213076 78.243866 6.166076 0.125000 105.917419 
444.076572 141.132665 451.448628 127.314407 4.485352 0.125000 20.125550 
121.679339 -1.375757 188.428504 33.799058 5.992697 0.125000 152.062896 
271.763359 78.333355 334.372065 111.880478 5.430065 0.125000 142.509880 
429.423965 143.837094 436.858304 156.376025 4.538821 0.125000 8.805489 
454.247698 148.323883 443.997047 141.762605 4.590116 0.125000 7.758383 
523.234245 122.969623 539.650100 134.511578 4.393795 0.125000 17.435653 
451.824726 127.926064 485.924143 119.308729 4.248226 0.125000 41.950860 
394.209666 156.362898 429.926030 144.831750 5.835508 0.125000 48.276328 
453.749279 165.623072 453.799351 149.373226 2.546208 0.125000 9.441983 
360.925153 126.373190 403.239688 151.683259 6.255817 0.125000 99.066490 
532.196481 178.705024 623.202382 128.264615 4.292981 0.125000 171.308796 
434.303347 170.235797 454.315452 166.551547 4.012070 0.125000 18.782036 
623.838797 125.808825 920.949477 57.026608 5.475687 0.125000 472.610799 
494.635716 69.370718 494.923082 86.865998 3.564734 0.125000 1.569114 
486.834537 119.921895 521.919928 122.517753 3.784426 0.125000 38.388887 
368.821559 345.641506 369.680791 309.382246 3.150780 0.125000 31.104026 
678.122038 484.138395 701.883962 483.840975 3.749706 0.125000 25.609668 
491.413417 86.876822 491.344300 69.367226 3.749971 0.125000 1.875457 
210.434816 281.868603 209.972811 295.603061 3.831929 0.125000 2.516815 
371.203477 239.384065 371.712943 206.872461 2.558449 0.125000 26.892032 
298.735213 214.396472 299.307862 198.122638 3.025952 0.125000 9.567771 
210.519183 305.903105 219.435677 304.932303 2.883860 0.125000 2.217263 
454.032430 124.792024 461.021911 111.428802 8.383857 0.125000 9.969776 
620.295186 412.434284 635.700000 409.816319 4.695659 0.125000 8.739180 
117.458636 264.201763 116.531579 274.456954 3.959850 0.125000 8.050607 
119.132886 299.456263 122.962175 251.962656 3.536953 0.125000 51.187702 
297.243644 175.589862 295.697250 214.377880 3.249071 0.125000 29.935237 
106.252824 465.669860 110.004105 413.169951 4.007303 0.125000 48.342384 
369.031605 204.360112 368.727847 236.868953 2.488212 0.125000 17.203289 
533.093769 195.714826 531.941731 179.282686 4.003082 0.125000 19.006019 
367.291300 288.102664 366.888820 303.125370 2.833876 0.125000 9.826971 
529.558566 154.342509 530.013542 174.417188 3.720714 0.125000 27.667746 
621.836082 528.173622 635.705287 539.274693 4.100345 0.125000 8.739180 
110.451973 408.217143 112.496447 384.321223 4.375695 0.125000 24.975426 
293.411653 291.839100 292.431322 318.145732 3.010312 0.125000 18.872007 
295.661890 319.376030 296.429424 291.897469 3.225015 0.125000 9.462091 
495.843046 86.377110 502.176110 95.066571 3.218888 0.125000 2.736202 
520.651269 205.661544 534.688071 195.571577 4.948343 0.125000 8.466859 
374.826309 311.884598 374.135461 344.369906 3.110707 0.125000 27.566624 
597.587269 416.631698 617.569334 410.324875 8.090925 0.125000 20.020983 
693.206301 459.223024 684.775543 454.712878 4.998411 0.125000 2.916052 
116.398738 276.743117 115.624683 286.874976 4.024765 0.125000 6.945032 
186.764592 211.417845 196.783964 208.998057 3.058295 0.125000 1.853182 
109.823455 250.545534 109.074969 258.095255 2.734447 0.062500 0.766245 
571.921470 503.439308 577.130320 523.384765 4.783786 0.125000 19.371705 
118.434036 250.570511 117.712616 263.028736 4.774849 0.125000 5.530762 
415.082603 195.621978 413.759187 433.128534 4.725049 0.125000 265.906133 
669.299882 461.780853 701.824982 463.894633 5.313736 0.125000 34.149870 
164.298626 308.156635 211.791834 306.687136 4.727002 0.125000 28.557080 
366.737361 309.372986 366.261570 341.884316 1.725440 0.125000 14.647231 
364.076680 436.872998 363.900514 463.121816 1.417752 0.125000 4.926533 
105.267359 414.346378 101.160145 465.667827 5.034378 0.125000 73.840705 
244.270544 203.233331 251.904570 210.594333 3.184776 0.125000 2.217263 
620.048524 519.083456 624.877619 530.239595 4.246034 0.125000 6.860001 
364.590320 404.377229 364.421972 420.638427 2.642208 0.125000 8.050607 
631.970549 355.168785 651.684901 352.795732 3.481838 0.125000 8.955672 
124.895016 415.556399 123.836095 426.824356 3.190764 0.125000 4.504827 
441.701848 234.374520 441.622160 263.124299 1.326219 0.125000 6.732713 
483.529130 96.756329 490.372753 86.276565 4.143599 0.125000 6.860001 
460.005106 190.337723 482.532210 199.571237 6.674050 0.125000 27.533252 
636.855950 410.213527 678.141437 411.151471 3.578688 0.125000 45.276692 
122.351592 454.285498 121.050388 465.529573 3.437749 0.031250 4.268462 
107.927740 383.108067 105.681802 409.272577 4.233340 0.125000 29.890978 
491.826675 114.174190 459.115383 122.046188 4.477857 0.125000 23.950202 
137.331942 255.563006 136.547391 265.599391 2.979478 0.125000 0.866856 
871.642296 386.283538 898.512467 395.778491 4.581152 0.125000 29.607861 
308.482473 181.845640 307.331047 216.848883 2.046589 0.125000 19.006019 
492.995441 283.139836 491.691488 271.752873 2.768191 0.125000 2.736202 
692.082618 233.179246 690.259357 198.144028 3.888871 0.125000 41.720500 
836.951999 339.029272 883.186091 335.092448 2.942349 0.125000 53.013857 
123.773364 429.337720 123.074150 440.621849 3.113672 0.125000 2.596246 
126.602330 385.609154 125.290741 408.178218 3.656120 0.125000 14.339592 
122.743712 443.037998 122.208347 453.076112 3.678106 0.125000 0.882830 
248.795573 222.866158 252.383479 232.161228 2.882804 0.125000 3.120353 
697.541168 319.413139 691.985505 234.367781 4.506688 0.125000 99.935128 
104.171808 246.659113 119.087179 249.589820 4.161647 0.125000 7.329878 
586.405418 526.758905 590.989960 508.215229 5.167313 0.125000 8.893973 
134.164947 293.071654 133.798400 303.103933 1.918973 0.031250 1.186739 
367.225972 421.880793 367.515086 404.364933 1.497384 0.125000 0.866856 
514.739999 100.681426 523.363388 106.523095 7.311062 0.125000 7.655998 
471.791539 101.485737 479.474374 99.838486 5.150944 0.125000 1.807095 
133.265412 303.680930 120.528069 301.104140 2.802685 0.125000 0.037337 
441.418381 325.629318 441.702041 355.626636 1.498158 0.125000 7.635803 
570.631048 473.750773 543.121537 474.016634 3.943102 0.125000 25.382862 
483.072340 198.951269 486.773892 209.410782 4.507700 0.125000 2.298407 
626.361037 165.605214 626.596989 174.382474 1.907688 0.031250 0.500486 
443.624779 355.628797 443.479231 326.873207 1.389175 0.125000 6.732713 
685.951584 433.082848 685.488256 443.232878 4.823797 0.125000 2.916052 
136.306091 268.080265 135.516906 278.116500 2.982254 0.125000 0.004868 
101.353097 283.177889 103.082372 259.371903 3.921269 0.125000 20.729196 
287.442003 445.550523 286.739105 451.996487 3.027278 0.031250 0.500486 
305.180180 304.359926 304.628683 320.633597 1.714989 0.125000 0.037337 
362.384768 216.876200 362.362466 203.122183 3.768237 0.125000 1.970624 
841.619879 393.542985 865.781194 386.134388 5.704687 0.125000 38.753311 
271.943233 314.160213 283.604751 317.864818 4.709370 0.062500 1.979670 
693.049151 194.296498 697.142697 255.523529 4.988862 0.125000 89.871329 
217.048041 476.883314 222.635007 360.601457 4.214379 0.125000 161.856101 
495.996049 500.662417 494.395755 463.070903 4.384588 0.125000 68.551787 
646.153291 537.486658 655.576839 526.832402 4.897839 0.125000 5.848681 
113.351774 456.805574 112.755078 465.599901 2.578883 0.031250 4.077185 
737.147088 361.878239 737.042953 370.626999 2.559333 0.031250 0.500486 
111.820370 413.999718 125.593404 414.353846 3.716632 0.125000 3.101936 
103.439240 256.954411 103.885518 248.163609 3.935306 0.125000 3.463346 
779.615284 384.261828 793.357541 390.075306 6.685547 0.125000 4.440208 
896.219848 394.827497 913.406254 410.312851 4.836557 0.125000 30.730236 
106.823558 152.021786 157.929691 169.932297 3.357162 0.125000 53.844203 
448.871470 328.132313 449.288959 356.876250 1.649247 0.125000 8.050607 
594.421123 450.637555 594.581381 418.138346 8.805368 0.125000 57.640587 
100.512403 295.664667 100.818708 286.881756 2.759885 0.125000 1.853182 
359.346220 345.779046 384.180012 350.418680 2.457479 0.125000 14.647231 
512.080260 117.754521 495.463533 115.649745 4.208036 0.125000 7.160878 
836.919075 307.321130 852.018684 305.829367 2.748671 0.125000 1.807095 
458.205652 139.381780 455.266275 174.344842 5.296581 0.125000 23.792805 
449.060655 238.121054 449.171394 264.375859 1.355435 0.125000 4.926533 
861.917227 304.784848 875.650235 303.369923 2.743057 0.125000 0.882830 
525.944745 225.983047 522.749481 206.526113 7.180213 0.125000 23.121355 
749.143764 344.182172 759.283976 342.557044 2.713709 0.062500 0.287354 
412.729105 450.645481 415.576824 505.692158 5.424063 0.125000 48.689451 
627.007553 260.318384 663.072450 255.250995 3.539596 0.125000 35.042110 
729.384157 245.689116 769.459358 239.965668 2.828687 0.125000 41.323440 
105.797789 228.171579 106.289671 213.146760 4.034296 0.062500 2.892957 
731.107593 134.771596 744.117498 118.940636 3.174557 0.125000 23.891423 
294.656789 266.795442 293.016032 286.763334 4.556342 0.125000 4.518356 
443.707562 264.376452 443.779224 235.626631 1.318542 0.125000 17.260263 
121.353401 250.165515 137.806430 254.371259 4.480204 0.125000 3.971719 
876.655538 304.400085 878.521243 320.722587 3.157924 0.125000 5.373519 
410.696563 388.125150 410.837635 320.622832 3.849261 0.125000 130.104991 
839.520560 325.610430 837.761457 308.036269 3.108865 0.125000 5.530762 
623.136857 504.139395 620.294903 519.074325 3.624273 0.125000 4.109184 
691.333314 443.070072 690.466125 431.887320 2.975735 0.125000 0.037337 
825.795922 231.826331 870.774659 225.426880 3.179368 0.125000 43.432860 
150.615807 309.188721 163.146975 308.570275 5.302001 0.125000 7.983349 
410.556350 321.888739 411.276877 194.378684 4.406601 0.125000 182.524748 
173.218701 228.892471 206.911849 235.435238 3.549950 0.125000 20.280360 
357.274265 423.141918 357.530945 398.118906 3.813910 0.125000 21.160535 
546.944699 361.583974 576.877430 359.408430 2.312198 0.125000 24.091491 
356.887840 465.641813 357.420296 425.648902 2.982359 0.125000 28.644853 
655.673421 351.643094 666.898031 351.109251 2.912858 0.125000 0.090159 
697.944623 271.889090 699.124419 286.992219 4.692769 0.125000 6.624305 
94.183943 443.112945 93.629082 451.906806 1.798517 0.015625 3.046970 
117.756328 399.338759 116.892461 408.126716 2.488008 0.015625 3.497884 
288.862469 346.974165 314.113062 351.953348 5.389199 0.125000 14.880513 
548.503208 268.110005 547.857971 251.836027 2.745645 0.125000 0.155290 
560.325443 423.107249 561.119786 465.639105 3.153125 0.125000 32.510763 
567.374780 470.638358 567.676152 459.363003 2.632701 0.125000 0.971134 
643.164596 227.131409 629.357788 229.263541 3.515299 0.125000 2.102625 
726.579103 370.678784 724.079810 356.928655 3.577416 0.125000 2.298407 
116.493046 416.837796 115.637022 425.626171 2.609406 0.031250 4.077185 
31.921193 311.594034 74.303165 318.561935 2.822292 0.125000 19.761942 
551.063222 356.863664 550.513062 335.595561 2.563812 0.125000 7.024433 
285.639556 213.079571 316.885724 223.091532 2.393328 0.125000 22.332845 
291.431714 389.380778 291.219719 373.117248 2.679003 0.125000 4.287335 
360.663179 238.012207 385.750600 246.503935 1.985553 0.125000 13.385215 
96.980644 438.134379 97.761161 429.342699 2.600745 0.062500 1.942456 
626.955946 440.010906 638.175771 441.489826 3.554488 0.125000 0.142184 
625.950461 310.381428 660.767014 305.359586 7.577727 0.125000 51.074841 
629.747746 143.870399 650.875839 159.477604 4.284443 0.125000 35.849988 
655.587272 525.626931 654.687379 508.045033 4.320153 0.125000 5.018726 
206.625103 186.491470 219.496510 190.203685 2.586612 0.125000 3.620108 
491.780584 204.379646 490.792810 184.305236 2.619844 0.125000 9.445550 
592.195280 454.833707 602.257777 474.802214 3.963838 0.125000 0.334253 
625.877659 421.869041 625.966908 444.373644 3.799543 0.125000 16.616073 
91.833863 412.892895 105.561443 413.447673 3.948843 0.125000 5.249102 
94.354283 300.739747 145.734868 310.016478 3.997724 0.125000 62.515271 
241.806204 247.162571 270.696968 254.074173 4.095005 0.125000 14.850214 
616.463233 158.774360 627.944560 143.953564 3.730035 0.125000 21.892808 
835.584115 480.915121 850.637469 483.036524 3.730044 0.125000 7.024433 
27.487382 321.926057 25.822787 341.891490 2.906784 0.125000 15.166673 
575.092752 482.894988 572.036901 506.573251 4.239378 0.125000 14.100375 
660.601884 224.239332 646.825853 226.586552 3.696724 0.125000 6.012747 
436.725551 358.989708 455.561037 362.245089 2.463477 0.125000 6.859948 
492.802180 249.308857 491.369982 229.232682 2.401547 0.125000 2.102625 
409.736850 433.110775 410.177514 405.597812 4.699086 0.125000 12.717902 
578.566248 417.386751 580.890441 432.413942 8.074002 0.125000 6.873456 
745.969952 118.342129 765.695601 130.510552 3.847860 0.125000 22.188325 
355.617850 468.957462 383.131187 468.486304 3.749450 0.125000 16.974648 
455.316459 173.706705 461.121829 181.885014 2.959254 0.062500 0.744535 
741.714089 141.755373 742.693545 150.672392 3.030976 0.125000 0.971134 
157.650292 72.745834 143.460005 65.010445 3.989892 0.125000 4.565651 
90.805594 406.985544 93.036220 378.118140 4.027761 0.125000 25.548744 
135.432968 31.023318 228.580437 75.930318 3.619703 0.125000 89.520276 
83.142913 374.173018 0.626771 366.855030 2.379803 0.125000 70.574902 
651.812564 159.377693 652.350685 171.854484 4.015828 0.125000 3.587292 
920.855656 148.150389 692.126622 189.516318 4.841665 0.125000 341.460376 
703.111872 474.829072 679.409555 475.220021 6.414069 0.125000 22.141181 
763.205208 130.560128 769.227127 138.005603 3.701771 0.125000 3.620108 
830.678707 289.864797 878.156126 284.658867 2.654017 0.125000 48.604195 
134.477456 108.132757 136.185420 85.572793 2.775960 0.125000 13.692888 
212.753576 97.640635 184.318596 83.236344 3.910135 0.125000 27.338483 
230.737169 239.224265 241.363882 247.132072 2.728370 0.125000 0.882830 
238.083133 309.734647 260.713006 312.369004 4.158458 0.125000 9.335618 
412.395525 505.603703 411.882861 493.073535 2.855612 0.125000 3.463346 
658.227561 356.638982 635.454808 358.942370 5.114670 0.125000 22.727161 
685.846935 190.564395 529.444637 219.748201 5.402690 0.125000 230.107987 
665.688125 459.994171 648.113935 458.235578 2.239483 0.125000 2.580939 
833.407511 401.045907 844.055517 393.899009 7.265217 0.125000 16.327297 
864.564591 106.828788 880.992800 87.182555 3.505048 0.125000 28.425250 
130.658926 109.275801 126.878044 155.625248 3.888220 0.125000 65.544055 
148.440038 118.147865 145.358539 160.605661 2.312473 0.125000 23.126822 
481.416999 202.126701 478.415820 211.570168 5.900938 0.125000 4.329370 
566.323947 440.610283 565.981946 424.367484 1.539172 0.125000 4.926533 
577.984437 455.602699 592.697192 468.432111 4.348822 0.125000 8.954371 
81.951451 389.599873 0.594611 383.532481 2.510021 0.125000 69.703209 
80.642453 420.184259 0.619438 417.015467 2.461120 0.125000 84.963915 
288.724076 469.352845 291.106768 399.348852 2.158385 0.125000 45.994143 
81.913551 404.958647 0.574212 400.252860 2.444203 0.125000 77.842178 
495.565772 460.656039 515.579259 459.683607 5.661417 0.125000 29.052673 
130.929849 156.898327 134.470158 110.632282 3.255689 0.125000 45.994143 
751.748511 531.748853 736.145526 547.394119 5.315256 0.125000 13.068958 
79.396885 436.085606 0.603482 433.901133 2.464398 0.125000 60.507400 
294.059124 321.450522 308.055651 323.580669 4.190789 0.125000 0.975798 
409.653372 488.133518 409.946032 435.621216 3.979831 0.125000 46.479934 
635.376917 404.825880 651.614252 399.785083 2.667754 0.125000 1.292403 
869.482263 123.461938 864.813359 107.627184 4.088838 0.125000 4.307252 
107.735882 213.267058 145.110847 223.714367 5.772798 0.125000 51.152890 
236.903860 164.376464 236.078233 180.647997 1.945181 0.125000 0.037337 
785.636106 347.011104 740.528462 350.691953 4.220004 0.125000 47.049559 
0.425278 116.195342 20.190217 123.116603 2.653399 0.125000 12.041882 
226.925073 145.626379 227.476474 125.607137 2.464636 0.125000 6.083459 
365.406367 518.746160 289.313992 527.600723 4.158313 0.125000 95.048615 
78.128875 451.334531 0.614936 450.778829 2.490975 0.125000 73.374651 
341.991996 131.668047 365.345063 144.870176 4.544008 0.125000 23.733457 
436.874835 467.750620 456.875070 467.754392 2.503301 0.125000 6.860001 
359.290068 318.169387 360.626995 283.077454 4.413511 0.125000 38.528819 
81.858183 482.528999 0.602335 484.821750 2.357979 0.125000 59.611530 
22.916267 340.709670 24.447322 321.880881 3.028501 0.125000 12.834206 
213.135639 344.297940 306.825510 357.233448 3.196980 0.125000 79.113894 
544.391729 271.998806 573.123847 268.116466 2.410412 0.125000 12.026070 
566.406572 350.602975 565.949008 334.365869 1.672039 0.125000 0.882830 
637.129516 171.911993 636.964138 161.873532 3.749491 0.125000 6.276442 
288.157461 527.382643 246.836627 530.024901 3.531891 0.125000 49.450419 
881.502499 87.526980 901.426362 98.910241 3.721285 0.125000 24.940150 
224.953109 183.152938 226.164276 158.090653 4.288666 0.125000 9.020236 
259.139625 119.865554 234.958879 108.263290 5.816921 0.125000 20.671248 
590.275320 508.211095 589.597287 495.613036 2.496387 0.125000 4.926533 
823.955784 412.747327 833.907189 401.701291 7.337574 0.125000 10.982189 
326.676816 151.029271 300.058681 137.980376 4.577315 0.125000 23.885280 
160.377903 305.691614 163.871668 253.091568 2.908724 0.125000 62.093301 
381.854750 471.334852 356.843041 472.272524 2.310930 0.125000 18.472883 
622.200943 179.381705 622.101047 165.614290 2.590631 0.125000 1.730703 
700.699711 299.304600 701.634140 316.887800 5.258297 0.125000 5.962625 
719.805979 480.958586 742.563428 491.661158 4.261511 0.125000 7.977278 
14.442503 320.631808 12.545453 339.442614 3.480225 0.125000 18.132791 
132.287248 85.650427 130.976799 106.896699 3.742887 0.125000 14.835103 
299.698295 195.630991 300.045619 176.887427 2.638524 0.125000 8.692578 
755.948009 148.291539 755.172916 138.159584 3.739075 0.125000 2.580939 
177.151691 81.274099 163.989030 75.213227 4.541660 0.125000 2.780100 
745.506019 209.947123 729.315989 212.788793 3.909634 0.125000 10.351572 
901.556713 98.629140 906.759472 114.813961 3.612467 0.125000 11.129899 
701.325686 318.086221 702.988575 348.132550 4.227792 0.125000 17.827760 
233.682366 108.229890 213.059281 98.191892 5.500404 0.125000 18.494460 
363.127514 281.866416 379.442446 286.644712 2.253628 0.125000 7.635803 
451.188872 504.399181 451.779729 490.620914 2.551259 0.125000 0.882830 
582.117053 432.888533 576.787808 455.604544 4.432433 0.125000 8.372866 
272.682699 238.092608 273.239263 251.970677 2.596163 0.062500 2.304923 
223.251572 146.880768 221.427407 186.911565 3.120188 0.125000 49.199197 
608.816031 470.919479 599.698562 453.613072 7.396120 0.125000 6.496720 
709.802913 451.852177 710.401232 463.070266 3.252826 0.062500 3.688400 
147.728516 164.347229 151.057624 116.817749 2.605418 0.125000 44.622115 
551.843764 194.213959 561.948516 192.254020 4.670503 0.125000 0.938537 
274.878040 125.717716 260.571145 119.498898 2.442547 0.125000 5.390291 
237.782741 195.609888 240.596973 131.873762 2.332149 0.125000 59.740131 
722.364899 206.012127 770.987554 197.761641 6.064360 0.125000 55.657222 
853.215665 466.278274 837.988516 468.391586 4.780696 0.125000 11.562690 
5.699090 103.012577 4.610634 114.397528 2.607616 0.125000 0.004868 
659.615316 259.530965 649.276402 261.298155 4.328202 0.125000 1.935787 
699.851412 351.954861 698.152001 335.493170 4.973568 0.125000 2.020556 
705.623041 477.491739 720.626765 477.445314 3.738379 0.125000 0.220274 
0.523597 344.064797 84.509683 353.126758 4.882632 0.125000 82.021829 
185.634805 534.576425 103.106955 533.804708 6.530244 0.125000 131.232873 
259.839303 336.894437 260.363847 324.364068 1.667158 0.125000 0.090159 
309.698278 218.135076 311.452204 161.861822 1.875729 0.125000 50.966665 
285.494081 493.050877 313.217426 490.309802 4.961712 0.125000 20.655874 
789.182246 399.531827 802.772289 413.468927 3.535253 0.125000 25.697603 
803.898794 397.132320 809.733933 407.931049 6.598313 0.125000 1.679205 
209.236021 371.866582 204.318712 453.045874 4.725657 0.125000 158.353547 
594.199802 185.941681 604.539397 184.000778 5.144785 0.125000 0.691268 
76.875526 466.929318 0.620572 467.667623 1.951859 0.125000 64.724485 
287.815446 263.033802 310.375164 269.060250 4.913377 0.125000 18.479019 
542.039296 319.721782 579.655522 315.851378 6.145260 0.125000 64.453175 
574.189838 246.893585 574.335495 258.141698 3.798242 0.125000 2.643642 
86.693577 465.661948 87.038934 455.673890 2.800875 0.125000 5.829623 
730.130165 525.767557 732.950391 510.828008 4.449473 0.125000 6.931487 
914.788906 418.081312 921.120993 478.072648 4.053918 0.125000 76.874624 
176.903364 251.876815 173.463618 305.646662 2.784733 0.125000 64.952418 
298.954140 137.783029 275.111739 126.732390 4.813613 0.125000 19.529015 
120.643218 234.196090 118.839344 246.615643 4.429742 0.125000 1.191767 
648.437481 260.936211 622.957108 266.036180 4.904633 0.125000 26.717518 
714.385138 534.409407 724.602994 531.398799 3.243823 0.125000 0.882830 
775.561247 243.849055 726.770543 249.763259 5.264504 0.125000 78.963352 
88.357742 438.238866 90.185565 414.437247 3.738991 0.125000 13.935230 
436.961548 360.633579 437.354665 299.386102 4.086887 0.125000 58.602052 
175.462139 97.249621 198.042021 107.065873 2.791077 0.125000 10.590395 
437.344757 265.670975 438.213870 233.160793 4.316546 0.125000 18.168050 
439.108844 302.791954 451.641433 306.429679 2.245787 0.125000 1.314173 
609.078585 182.710953 626.903643 179.535799 3.472676 0.125000 5.122303 
651.651653 328.139396 653.020884 349.381711 1.971058 0.125000 5.201734 
485.936909 132.987967 461.317980 139.887416 5.443099 0.125000 42.566403 
492.232789 363.050791 517.202874 355.452484 3.172304 0.125000 19.652552 
324.311620 501.600375 344.395816 496.965194 4.497239 0.125000 7.421549 
382.706195 285.576750 381.919826 333.146405 6.435093 0.125000 64.132340 
87.886073 350.657210 101.865448 351.976237 4.038511 0.062500 0.663197 
311.023469 269.356125 309.886773 320.636344 2.914903 0.125000 41.343362 
805.446220 424.283128 810.822100 486.965301 3.808940 0.125000 101.367482 
323.118337 354.406124 327.374359 184.387500 3.376720 0.125000 200.164341 
394.980939 181.836343 373.788829 171.871617 3.528361 0.125000 17.967801 
302.029324 468.128921 303.808106 398.110598 3.229338 0.125000 41.000761 
695.778787 165.114228 725.780558 158.872740 3.975169 0.125000 40.155979 
84.332365 374.371613 82.343216 399.412194 2.492149 0.125000 11.187988 
234.998058 286.666065 220.675632 278.040924 2.798345 0.125000 2.760160 
280.593939 525.352699 364.535006 515.777727 2.776697 0.125000 60.796487 
368.795238 170.584827 352.657153 162.851287 4.015683 0.125000 12.233202 
635.625197 161.875839 627.682592 163.737015 4.506654 0.125000 0.882830 
704.964732 446.941461 706.387129 434.320018 2.896366 0.125000 0.142184 
766.970661 391.570444 789.594391 398.676521 4.021064 0.125000 14.945513 
87.689921 451.907306 88.085730 441.922997 2.844642 0.125000 2.217263 
205.041111 458.064691 202.957579 478.236817 6.176047 0.125000 15.154490 
854.808697 326.873255 854.797991 331.881249 5.008006 0.062500 1.417156 
276.878100 470.789666 288.100594 470.578418 2.640709 0.125000 0.866856 
516.680821 463.127403 517.144800 500.621661 6.481529 0.125000 78.251416 
786.980051 147.456014 819.326643 141.607549 4.579775 0.125000 23.196524 
16.059657 465.575513 16.815560 453.121392 1.853540 0.125000 0.411083 
65.767042 327.112618 28.131017 321.832118 2.150512 0.125000 28.562260 
622.303535 223.256240 664.696960 216.351858 5.855207 0.125000 66.167444 
17.312470 129.446212 0.583189 123.237661 3.080786 0.125000 8.559625 
88.356863 362.490962 64.203509 359.518478 3.874603 0.125000 17.931533 
256.895265 352.903076 214.293924 349.012853 2.375968 0.125000 9.511353 
443.818890 204.162769 419.592631 192.666388 3.808793 0.125000 14.100375 
843.074486 194.055316 824.395822 197.006775 3.704044 0.125000 17.138170 
123.919213 471.843393 129.723089 388.149139 3.554300 0.125000 62.246773 
145.623509 224.293697 140.260144 306.851297 3.432444 0.125000 92.254246 
230.573846 495.516887 284.388745 493.489930 2.733470 0.125000 67.130127 
574.145714 236.873135 574.094957 243.112553 3.145212 0.062500 0.766245 
13.989573 33.082853 11.393596 56.822357 2.368970 0.125000 9.440800 
131.260267 60.706263 105.817683 48.957726 6.722326 0.125000 32.245836 
10.375714 63.103138 9.387104 74.376062 2.009642 0.125000 0.411083 
57.336411 401.843002 57.842785 389.363549 1.755763 0.125000 2.217263 
673.187257 454.079836 649.365551 453.549249 4.803917 0.125000 11.824467 
742.875355 296.466275 762.020741 294.823098 6.724300 0.125000 20.368257 
271.738911 278.184255 269.945093 311.905327 3.359681 0.125000 29.890978 
623.165693 479.354734 646.931347 480.116061 3.587985 0.125000 6.667526 
880.967318 124.546887 878.595607 112.022593 3.219362 0.125000 1.114381 
117.224221 88.150371 118.398603 71.985691 2.946304 0.125000 8.692578 
136.101820 305.768312 140.368808 254.353738 3.013462 0.125000 38.363104 
119.016243 71.434151 155.332070 87.535681 3.309739 0.125000 44.475484 
673.108310 408.971431 668.802346 395.812386 5.529548 0.125000 6.386686 
766.818155 206.545153 749.404498 209.546167 3.653615 0.125000 15.413520 
9.092556 75.591072 6.078835 100.679516 2.731908 0.125000 14.549527 
8.614753 339.415727 9.973970 323.070861 3.320127 0.125000 17.569793 
22.208590 399.389910 22.768679 386.859074 1.806907 0.125000 1.853182 
48.225402 505.632372 49.692672 485.648324 2.310226 0.125000 10.715887 
105.467680 48.443182 59.860352 25.893368 4.507017 0.125000 48.012936 
353.181775 514.981008 244.333186 525.178686 3.807189 0.125000 97.207125 
19.157171 433.112241 19.959778 419.409251 2.422633 0.015625 1.321278 
78.123648 474.248734 135.617061 473.633303 4.218075 0.125000 89.186767 
272.860036 344.029643 280.779042 346.349070 3.548414 0.062500 1.417156 
300.093340 174.412818 300.887756 159.323026 3.022274 0.125000 3.101936 
414.484311 159.579663 403.022191 159.033804 5.232185 0.125000 0.404868 
529.753928 221.866884 533.235141 384.399414 4.445084 0.125000 185.216782 
654.458825 508.105244 644.680824 497.833866 3.795392 0.125000 1.725799 
656.773512 172.586851 679.411329 168.317638 5.468160 0.125000 18.010077 
724.774965 531.233067 729.289785 525.254627 4.234258 0.125000 2.736202 
877.889103 228.884196 820.427938 236.670779 5.018417 0.125000 91.533699 
5.032096 381.824761 6.083726 369.413870 2.385533 0.062500 2.192446 
357.741280 346.947249 360.044878 319.326617 4.568153 0.125000 22.081174 
438.123163 264.380554 455.388501 270.090152 1.616800 0.125000 2.736202 
204.575686 232.231609 184.199896 227.654505 2.439215 0.125000 9.567771 
265.566563 501.199878 308.180083 497.511373 2.646658 0.125000 34.087415 
665.710190 554.174915 643.068030 552.844726 6.899024 0.125000 26.498036 
325.698275 387.141734 310.688479 386.023177 2.493087 0.125000 4.504827 
453.834931 304.382404 454.571640 358.122304 3.938126 0.125000 92.022575 
732.205873 514.039979 729.870503 503.019992 3.482270 0.125000 0.973202 
768.643021 138.077172 767.900434 149.442003 5.152365 0.125000 0.519814 
787.880966 336.279235 796.506296 350.843358 3.875535 0.125000 0.404868 
90.521074 371.463774 118.062890 374.876279 2.173622 0.125000 6.345855 
726.756285 158.365180 748.151445 155.849946 3.066685 0.125000 3.068441 
214.319336 515.973143 310.588355 510.031280 2.510793 0.125000 82.448847 
505.579220 266.685989 513.235582 264.831559 5.153743 0.015625 4.988041 
528.572323 145.922243 514.865569 135.360576 6.103644 0.125000 27.319324 
232.569767 77.965954 288.381531 106.370954 3.054040 0.125000 69.766411 
74.756989 53.622464 99.175771 66.017491 2.862822 0.125000 16.371028 
108.097465 343.951098 123.205672 344.454670 4.830662 0.125000 3.363777 
359.273715 238.134645 359.441723 218.125560 1.250000 0.125000 0.411083 
514.446149 135.936213 485.671954 133.755455 5.269096 0.125000 58.371323 
725.414498 398.115901 724.870542 410.700449 3.530583 0.125000 1.807095 
7.325421 115.677155 16.741412 34.359531 2.731824 0.125000 97.842892 
32.755521 481.853996 33.463819 469.394261 2.283138 0.015625 1.317585 
233.052153 339.844102 243.195764 341.419316 3.045835 0.125000 2.217263 
314.705327 226.999162 303.333979 223.662748 3.052157 0.125000 0.142184 
380.565708 241.876244 380.619239 190.624994 1.287862 0.125000 22.988333 
366.076295 144.696593 423.399151 172.561015 4.231744 0.125000 48.692468 
634.066621 331.899329 635.642479 351.873621 1.902381 0.125000 0.037337 
647.330306 437.986784 642.950076 423.557559 3.695119 0.125000 4.109184 
845.419488 185.449455 860.467160 183.280130 5.495233 0.125000 6.667526 
55.035918 69.395913 54.325202 49.376768 2.941919 0.125000 3.783385 
54.721106 433.140732 55.290690 420.609804 1.816303 0.125000 4.023443 
153.977286 173.312542 107.869273 156.318850 5.870686 0.125000 70.673187 
151.440658 334.300556 149.280611 310.633615 4.524851 0.125000 9.416791 
653.140479 477.932945 629.443666 476.023042 2.491919 0.125000 10.284560 
59.526729 47.704708 72.889043 52.528607 2.678298 0.062500 0.174472 
269.378741 506.916520 323.142749 502.071971 2.580142 0.125000 43.417179 
323.159458 356.611695 341.915411 359.066206 2.212627 0.125000 1.807095 
541.876148 419.023757 579.377682 418.975874 5.043089 0.125000 43.290808 
668.103800 356.576055 659.221184 357.205961 5.075896 0.125000 2.760160 
11.396455 509.323240 13.964469 485.580597 2.518507 0.125000 11.976690 
61.765603 318.914539 36.726716 315.445194 2.685160 0.125000 22.988333 
51.943512 465.629123 52.697544 453.099276 1.848445 0.031250 2.696365 
290.597665 517.882844 353.286572 510.806317 3.106047 0.125000 47.847131 
489.593498 183.015822 513.426865 178.451103 4.779638 0.125000 11.912565 
641.923605 553.060328 630.596659 552.641555 6.199550 0.125000 6.624305 
643.130235 497.234901 631.846258 497.399034 3.713243 0.125000 2.643642 
674.827055 339.365395 674.911783 354.379025 5.035191 0.125000 3.550929 
35.774294 449.382931 36.439965 436.851890 1.911327 0.125000 2.217263 
283.999421 213.154212 286.463255 139.403004 2.078472 0.125000 54.732089 
311.883688 509.445791 344.505956 505.442018 2.656171 0.125000 21.384788 
406.190717 388.140664 406.537521 375.615656 1.526304 0.062500 1.039268 
462.498377 213.137005 445.016190 204.334065 3.380946 0.125000 16.388469 
578.201307 271.171910 540.562000 276.423464 4.433840 0.125000 53.606537 
91.454401 95.699409 71.725215 315.611562 3.658920 0.125000 218.168858 
217.085010 336.011973 232.107957 339.667672 6.072786 0.125000 8.590865 
259.189415 134.793577 276.011966 142.252219 3.039895 0.125000 1.458301 
191.843393 503.558433 264.379867 500.750750 2.610780 0.125000 46.252949 
741.227697 398.626673 761.893630 391.932513 3.885558 0.125000 7.426718 
17.979150 124.807308 0.374371 118.867879 1.612730 0.125000 1.853182 
18.871899 308.199535 41.968007 76.759540 3.739187 0.125000 275.798016 
144.706219 313.650320 94.239085 305.185306 5.145781 0.125000 86.847372 
2.186507 415.639541 2.829689 401.861215 1.889802 0.125000 1.730703 
163.122828 515.868418 191.881692 516.125051 1.506494 0.125000 7.635803 
224.362994 235.487844 213.089955 236.474656 1.790262 0.062500 1.916233 
306.958637 320.627277 308.047760 280.622897 2.031968 0.125000 28.650072 
573.111194 190.576063 580.711573 188.431870 3.562166 0.125000 0.090159 
817.033837 189.350829 844.716921 185.763783 6.152809 0.125000 24.835287 
208.628778 359.363210 208.950398 373.105683 3.690481 0.125000 2.102625 
386.661851 388.554394 409.273557 391.424270 5.747145 0.125000 12.799178 
490.950719 228.265429 513.390582 223.008716 4.506468 0.125000 16.189704 
0.509080 349.177047 86.949217 358.701432 2.389494 0.125000 81.026535 
151.043556 114.406196 152.632425 93.088287 2.121455 0.125000 8.692578 
353.142438 399.182905 315.611297 395.775948 1.926543 0.125000 14.613918 
490.880011 270.377390 506.440900 266.418654 3.942425 0.125000 7.983349 
144.431649 340.629106 189.396367 338.598031 3.351342 0.125000 30.139936 
163.798449 231.150384 167.221323 210.475391 5.553570 0.125000 17.460269 
243.037009 340.025412 272.100617 343.957284 6.696319 0.125000 28.480129 
343.432351 379.383467 343.742988 368.107589 1.524910 0.031250 1.186739 
59.403314 359.102896 30.575247 356.103129 3.471115 0.125000 31.743471 
74.383707 321.821177 61.808384 319.786777 3.066792 0.125000 2.580939 
124.521145 345.216533 131.783069 354.742137 3.267590 0.125000 0.973202 
134.104894 247.192305 132.395955 239.005333 4.181716 0.125000 1.730763 
247.863147 247.293442 231.689114 237.172046 2.918934 0.125000 3.908632 
191.894046 513.632516 170.625976 513.086944 1.602191 0.125000 3.120353 
353.140602 431.337493 313.101770 430.175336 1.991211 0.125000 18.782036 
889.259883 339.216257 830.493716 344.018412 5.288807 0.125000 96.117267 
213.099719 496.345699 229.431868 495.565642 2.914596 0.125000 8.582392 
163.697371 251.935889 165.171711 238.076779 3.861189 0.125000 2.516815 
215.458778 113.488907 242.935653 126.039534 3.088268 0.125000 26.545510 
682.988299 167.304543 695.961238 165.143047 5.754138 0.125000 1.001889 
-0.146493 147.663683 13.128467 160.649307 4.506791 0.125000 2.046146 
83.377834 406.894494 81.255287 434.423596 1.822854 0.125000 4.416995 
94.363784 376.988677 133.106636 380.811135 2.398470 0.125000 30.171134 
275.409571 169.332244 273.438656 236.884151 2.545395 0.125000 66.891054 
331.700046 166.009998 345.921471 172.472594 2.379743 0.125000 0.882830 
353.139956 442.233240 313.109287 441.561877 2.227155 0.125000 16.371028 
724.698815 514.516776 718.641661 528.351211 3.936514 0.125000 3.539647 
119.350805 374.746333 139.347357 376.049246 3.660791 0.125000 9.322608 
432.535376 176.755782 453.384577 187.627182 3.325115 0.125000 15.540244 
624.431462 546.101536 574.424199 542.451035 5.014148 0.125000 59.351875 
62.487508 28.195025 61.201809 39.440944 2.483820 0.125000 0.090159 
81.791264 505.618924 83.331699 484.389999 2.131580 0.125000 10.345073 
351.874834 464.333291 313.125445 464.487050 1.274790 0.125000 13.957433 
374.675472 247.130352 360.691199 242.905863 2.549894 0.062500 2.338332 
376.127773 466.883178 377.083413 408.128390 1.920673 0.125000 39.806413 
581.857156 362.896204 543.050735 365.922786 4.516203 0.125000 62.270221 
243.111049 531.682767 208.113939 534.222593 4.212517 0.125000 57.980588 
351.926088 409.883032 314.346049 407.295471 1.893039 0.125000 24.985269 
437.231352 435.647452 436.916757 405.611470 3.959261 0.125000 14.251457 
631.196648 497.526416 623.861044 503.963752 3.048700 0.125000 4.023443 
765.632111 151.911351 786.805427 147.769354 2.720320 0.125000 7.853232 
302.384488 222.797950 284.822133 216.812938 4.435335 0.125000 17.203289 
311.166131 393.101012 308.628134 468.099726 2.287187 0.125000 42.283100 
353.125000 453.125000 313.125000 453.125000 1.250000 0.125000 14.860523 
353.108598 420.893160 313.181510 418.451078 1.858163 0.125000 16.238815 
414.276111 190.820967 397.311370 182.260248 3.368510 0.125000 12.824995 
828.458938 491.969137 823.817617 446.803825 3.381369 0.125000 46.944208 
408.153117 489.800791 329.334101 495.005644 2.824027 0.125000 64.649583 
819.504083 141.228982 871.754674 130.061992 4.544473 0.125000 56.541289 
57.357393 76.800054 34.889046 306.925189 2.396120 0.125000 174.135798 
113.490821 503.076372 114.587458 483.136685 2.153011 0.125000 6.276442 
281.481262 377.178546 278.446572 385.738998 8.664779 0.125000 2.823102 
451.758921 465.628964 451.933727 415.625205 1.254362 0.125000 22.085243 
579.317078 315.661644 580.087911 343.175068 7.777114 0.125000 34.505041 
825.720983 286.482913 883.200756 280.052127 2.501672 0.125000 57.101197 
30.799097 319.585076 79.441392 327.728423 2.281371 0.125000 16.161469 
134.385820 477.335912 81.856080 478.569008 3.262014 0.125000 80.719809 
173.522168 99.266240 175.738202 81.889436 2.346865 0.125000 1.807095 
288.965331 106.435817 310.925076 117.531090 2.325166 0.125000 16.666703 
306.185494 174.381539 306.346051 160.618829 1.410313 0.125000 1.853182 
306.772917 398.090747 305.030740 466.859945 2.974052 0.125000 61.585998 
291.768557 147.122080 313.925891 156.667496 2.790566 0.125000 20.518511 
627.373176 355.653919 626.795207 340.628069 3.074701 0.125000 3.732469 
2.229873 184.269546 0.504396 219.369071 3.806852 0.125000 21.933746 
233.147942 521.015750 289.424117 517.711553 2.351494 0.125000 51.249222 
311.756432 117.080287 329.209858 127.160923 3.079346 0.125000 3.783385 
354.369093 475.348824 306.864089 476.364872 1.543735 0.125000 19.731903 
408.145397 473.946864 384.379013 474.536697 1.311641 0.125000 0.971134 
490.914836 316.591976 515.916664 309.098077 3.471419 0.125000 16.770356 
539.609147 237.020452 577.102254 230.729375 5.369756 0.125000 55.390925 
48.019702 23.323501 35.677359 16.776296 4.618870 0.125000 2.316674 
62.741608 281.855371 61.905282 298.190548 3.071952 0.125000 1.498261 
139.416656 189.326207 152.202255 200.241677 3.547280 0.125000 4.329370 
208.084305 533.705539 186.843852 534.155864 2.949864 0.125000 16.666703 
234.469253 306.877582 235.018568 286.824148 5.135037 0.125000 16.974648 
626.163124 339.405820 626.422327 324.367198 3.555569 0.125000 6.945032 
756.078323 136.704745 739.718071 139.888131 4.702452 0.125000 11.125886 
35.060818 18.023012 20.580209 10.677487 8.433716 0.125000 22.359251 
248.101784 507.359229 260.628167 506.979459 1.552463 0.015625 2.085174 
343.131554 509.446412 324.310634 511.173631 2.603773 0.125000 9.567771 
352.220121 200.605809 348.853149 359.363932 3.533104 0.125000 144.295394 
493.222028 413.422179 517.265798 405.571940 2.886340 0.125000 17.138170 
525.897139 375.619229 523.033957 240.600423 4.381030 0.125000 193.297027 
724.197140 415.813706 722.489942 425.513224 3.476550 0.062500 0.147641 
180.623282 523.044091 228.154934 522.035011 2.393313 0.125000 48.080589 
395.919093 255.628882 396.430531 216.885634 2.862769 0.125000 30.875622 
666.194725 214.410439 667.889980 246.952361 3.614862 0.125000 20.034080 
675.751644 355.626210 675.620127 369.386900 5.059503 0.125000 2.503102 
228.549096 227.587943 234.309264 234.260778 4.860521 0.125000 3.482648 
341.911704 389.081946 328.065784 387.347795 2.325275 0.125000 1.853182 
339.462647 360.996099 321.888113 359.243508 2.363622 0.125000 9.441983 
448.582471 490.594355 448.049717 504.372089 2.884522 0.125000 5.143261 
865.548001 190.181908 846.925917 193.418003 3.856101 0.125000 20.754455 
60.666326 401.098240 80.676191 402.162825 2.430059 0.125000 13.957433 
230.059303 251.466268 239.842666 267.845665 3.233936 0.125000 3.783385 
315.754440 379.590116 354.369377 384.419955 3.411496 0.125000 35.877523 
381.367511 400.603901 381.036874 428.144951 5.179705 0.125000 19.756760 
827.991400 437.056059 825.131160 415.198897 9.370774 0.125000 42.105067 
313.170132 495.308097 191.901536 501.173629 3.261035 0.125000 110.535653 
383.473588 185.609608 382.491283 243.135524 2.734395 0.125000 43.248208 
534.380816 403.124885 535.268532 448.156668 3.724635 0.125000 33.899761 
58.139104 432.655563 79.407462 433.294581 2.236093 0.125000 10.345073 
244.300324 527.203797 261.887413 525.778124 1.952901 0.125000 5.829623 
261.813940 525.937803 279.402162 524.791902 1.925840 0.125000 5.829623 
396.009517 289.377909 395.933874 266.873962 3.733172 0.125000 8.466859 
418.150631 366.879317 418.649781 219.376776 2.952594 0.125000 119.553308 
904.327750 509.330803 875.616020 510.379035 3.884320 0.125000 26.741336 
3.129822 447.735002 31.890881 448.090640 2.422532 0.125000 14.549527 
85.686227 356.338001 0.651492 346.642649 1.710944 0.125000 48.534565 
319.135952 116.097136 219.881512 65.843438 3.134443 0.125000 79.271604 
329.858799 126.541462 341.990232 130.247830 5.711785 0.125000 5.346832 
438.352916 228.010984 436.619997 205.548240 4.123479 0.125000 20.624982 
5.618575 414.546192 36.918314 415.720924 2.404478 0.125000 22.505343 
29.379968 366.819073 58.125204 369.372703 2.158363 0.125000 17.841313 
100.693931 355.052977 90.540116 353.829409 2.781139 0.062500 2.550976 
155.926293 88.074746 151.818515 165.622008 3.091593 0.125000 79.277788 
185.144237 486.851371 189.443415 399.378363 3.294688 0.125000 97.059873 
200.557125 338.898608 213.332086 337.078476 2.830933 0.125000 5.829623 
0.149459 19.205030 20.128780 28.001995 3.935761 0.125000 26.681534 
25.646680 398.988799 53.130242 400.531612 2.285892 0.125000 22.085243 
163.119094 530.415191 243.161232 528.162229 3.185794 0.125000 59.351875 
301.871848 501.829513 264.378666 504.427897 2.703972 0.125000 29.848208 
360.605499 400.851485 370.638744 401.715371 1.996010 0.031250 7.635803 
406.897539 433.720059 385.629710 432.988145 1.593198 0.125000 1.853182 
0.592110 397.364735 18.180677 398.545974 2.410620 0.125000 8.938533 
116.751322 103.436184 130.341780 108.837608 3.038031 0.062500 4.458792 
431.935961 406.126914 416.832532 404.896151 1.679543 0.125000 1.314173 
701.878506 491.285897 669.372218 491.092461 1.428496 0.125000 22.988333 
890.480378 127.464785 920.674440 120.850701 2.825889 0.125000 8.466859 
224.507542 125.583193 223.805287 144.353686 2.872117 0.125000 7.853232 
323.228365 505.490559 266.883004 510.711384 3.042037 0.125000 57.829624 
408.065084 396.127728 389.283903 393.889354 2.244345 0.125000 9.441983 
406.898238 423.931212 385.641068 422.818139 1.973674 0.125000 4.331879 
406.509231 220.623032 405.735852 364.375596 3.011050 0.125000 129.816844 
17.037429 31.529408 0.359175 23.690582 3.529576 0.125000 9.629733 
24.431702 354.945919 0.535189 352.950598 3.219408 0.125000 24.070387 
133.124987 495.909022 180.625045 495.911251 3.751466 0.125000 58.691719 
454.217702 408.191942 455.045439 425.593109 2.853533 0.125000 8.582392 
651.524901 163.533224 647.593039 172.200726 4.553397 0.125000 1.114381 
646.874269 448.144325 664.396481 448.807117 2.639959 0.125000 1.292403 
730.314876 503.507771 718.488703 493.926100 2.841685 0.125000 0.296176 
8.172312 381.281842 36.938703 383.576354 2.239932 0.125000 19.625851 
43.161809 383.941794 73.157670 386.490500 2.197977 0.125000 13.674606 
135.561035 110.787699 149.172855 116.139168 2.992761 0.062500 0.751163 
167.324999 209.403789 172.686677 125.596958 2.843602 0.125000 81.576307 
324.372737 499.345264 299.422153 501.244467 2.682536 0.125000 16.275367 
408.157905 413.949655 386.842073 412.300626 1.535518 0.125000 3.620108 
428.362365 275.610345 427.566020 330.635001 2.698714 0.125000 56.339000 
631.963503 552.750572 615.625793 551.860454 4.016456 0.125000 5.594054 
110.654661 506.155950 0.579207 512.305292 3.653599 0.125000 103.982044 
323.220412 511.223479 313.079591 512.840167 2.665618 0.125000 1.314173 
450.942534 359.372177 450.520292 311.875931 1.416631 0.125000 17.841313 
459.647837 323.118004 459.889447 289.369734 3.893084 0.125000 38.322268 
459.368093 397.238444 478.130020 397.177795 6.294415 0.125000 18.225444 
636.453491 438.161654 635.355888 425.539702 2.490601 0.125000 2.736202 
0.380030 56.089859 10.268770 61.300989 2.769621 0.125000 1.853182 
84.285702 527.003695 128.094803 529.841212 3.015019 0.125000 23.881511 
382.068315 353.216914 359.163261 349.393462 3.700741 0.125000 29.529743 
722.474549 229.425300 720.434376 203.043077 2.402797 0.125000 16.596692 
75.100825 149.326816 67.051550 236.891229 2.988886 0.125000 77.593757 
189.352311 510.118357 246.904824 507.540958 2.124472 0.125000 46.570736 
406.862573 443.638807 385.624996 443.125167 1.612310 0.125000 2.217263 
450.628336 265.624997 450.592449 220.625026 1.260965 0.125000 15.166673 
875.665814 511.561229 838.158739 510.582310 5.096138 0.125000 69.832982 
890.400545 109.399816 891.917520 123.120299 2.622225 0.125000 1.730703 
0.543349 364.212555 20.711211 365.726700 2.399401 0.125000 11.605251 
157.838734 366.771700 150.603475 474.373553 4.580170 0.125000 104.960900 
345.235370 161.849023 336.603015 156.028369 7.639774 0.125000 5.456138 
416.687456 392.010281 433.475892 394.283154 5.457896 0.125000 20.624982 
460.319056 375.626302 460.095636 323.121934 2.686144 0.125000 59.943975 
661.548171 245.635310 660.917898 225.655192 3.787547 0.125000 3.235338 
221.879724 519.590535 184.397727 520.412004 2.526789 0.125000 35.723863 
365.188426 177.897495 382.698547 185.373788 2.454216 0.125000 13.054343 
482.183457 310.595151 483.428840 375.619181 3.557821 0.125000 64.287628 
601.715872 421.863972 599.721012 450.648979 2.494018 0.125000 25.879243 
41.912076 416.019371 69.414601 417.211122 2.281197 0.125000 18.733447 
311.965457 513.246201 221.944915 519.184802 3.096649 0.125000 92.754092 
435.624815 473.092372 415.625458 473.205786 1.264157 0.062500 0.766245 
23.121568 432.000725 50.635189 432.751706 1.897547 0.125000 20.279063 
170.804725 110.669244 170.437230 101.779415 3.746800 0.125000 4.504827 
260.964783 310.640000 262.842221 268.112516 2.221920 0.125000 34.544412 
406.916370 403.950687 386.863247 401.995546 1.698164 0.125000 4.504827 
15.604577 507.669499 46.903748 506.266181 3.225339 0.125000 11.587491 
55.626681 464.475206 76.891667 464.118434 1.312731 0.125000 1.314173 
179.369273 479.782965 149.375183 479.361929 1.425325 0.125000 4.504827 
198.304460 41.039143 185.956449 46.389890 2.637961 0.125000 0.866856 
243.692637 126.848712 240.996155 196.841142 3.027477 0.125000 48.114217 
430.453906 211.757417 428.065768 240.620099 3.221857 0.125000 16.327297 
39.372333 448.593647 65.628596 448.743042 1.399337 0.125000 13.054343 
466.214694 217.172972 459.459423 212.988703 6.662960 0.125000 0.938537 
644.797492 255.665501 643.451780 228.170185 3.134457 0.125000 15.148025 
315.357953 264.365016 312.881025 330.615879 2.043048 0.125000 45.160763 
428.306901 241.873501 428.261273 274.375191 3.786848 0.125000 30.283161 
31.065188 211.916497 21.994349 308.136251 1.973647 0.125000 54.985920 
646.504053 229.324778 647.935838 254.385807 2.139437 0.125000 13.955780 
18.112306 465.092132 48.125052 464.377176 2.439753 0.125000 14.613918 
95.665858 511.594210 115.785524 514.521814 5.487868 0.125000 1.061896 
149.351237 347.285928 213.120891 345.479905 2.523435 0.125000 51.052228 
433.148552 434.700036 415.628083 434.253910 1.313232 0.062500 0.766245 
745.626184 551.377735 701.870481 551.273587 8.815432 0.125000 106.953965 
0.621717 481.610359 28.132990 481.269065 1.591032 0.125000 13.054343 
63.275159 313.138231 77.271139 154.299762 2.671510 0.125000 127.564442 
306.479972 240.937419 314.231459 250.738524 2.531241 0.125000 0.004868 
313.959300 158.118808 313.214454 208.126332 1.826966 0.125000 46.468673 
394.761615 364.378321 395.395200 290.612290 2.575060 0.125000 76.735447 
427.709590 331.873016 427.795760 368.125783 2.505935 0.125000 36.619671 
461.623703 250.408794 458.353892 235.304839 5.680244 0.125000 3.802119 
478.015140 396.525764 490.640961 396.038941 2.305668 0.062500 1.857257 
0.619964 431.332844 14.378161 431.430726 1.347789 0.031250 1.615203 
439.343800 210.694072 451.601326 216.230868 1.873807 0.062500 3.120353 
277.632811 130.609667 277.281481 141.887663 1.599682 0.125000 1.314173 
330.048001 235.610323 327.694959 328.114061 2.032327 0.125000 62.069280 
408.125906 453.331735 385.626337 453.430298 1.332125 0.125000 0.411083 
433.133791 425.522099 416.895519 424.134821 1.671076 0.125000 0.411083 
516.875425 213.116969 488.139850 211.594682 1.777265 0.125000 13.054343 
473.108231 500.927184 494.431300 502.110459 2.773197 0.125000 8.684095 
684.367902 496.316050 713.129137 495.950815 1.599090 0.125000 15.715796 
35.604545 481.443946 64.349132 480.079887 2.497190 0.125000 14.549527 
94.338715 520.957702 180.600690 522.935346 3.233315 0.125000 60.317522 
149.448522 356.561535 143.275202 340.567027 6.014899 0.125000 7.262546 
114.366831 508.576858 173.120226 509.639050 1.566123 0.125000 41.050133 
198.801212 273.160651 197.154785 304.389751 3.547370 0.125000 10.555600 
469.376706 471.807402 436.865865 470.987027 2.972189 0.125000 8.751019 
481.694876 239.365783 482.201156 298.132959 2.984484 0.125000 72.237337 
97.110951 234.396447 90.411151 308.105562 2.376201 0.125000 28.674102 
184.380582 410.557623 169.379986 409.314822 1.968195 0.125000 1.314173 
489.347343 486.178847 416.862428 489.058562 2.407265 0.125000 30.639795 
586.484427 463.861244 598.032976 483.180011 2.589219 0.125000 4.910126 
255.652823 427.484848 240.626879 426.831771 1.683044 0.125000 0.411083 
260.122812 180.639498 259.399604 155.588203 3.820581 0.125000 8.466682 
334.370594 504.327326 324.340733 505.254192 2.374370 0.062500 0.766245 
460.148032 288.130133 459.757711 251.857431 3.669082 0.125000 22.857896 
863.070455 377.305338 885.682491 380.171420 2.165796 0.125000 12.495035 
43.396544 64.806328 39.150001 55.173154 4.673291 0.125000 8.692578 
189.366230 496.541402 206.886982 496.080773 2.630543 0.125000 11.248163 
226.890341 526.128903 193.133573 527.156586 2.156509 0.125000 25.697603 
378.527797 308.135255 378.910239 293.113168 1.599538 0.125000 4.504827 
524.380315 239.666336 521.281859 226.428674 4.428369 0.125000 9.516909 
7.186097 16.161340 26.739805 24.685138 2.144863 0.125000 4.323936 
20.942211 29.282109 13.584051 103.170714 3.618011 0.125000 87.095529 
226.872863 488.102214 248.170034 486.105285 3.305943 0.125000 8.322787 
265.669255 510.170757 193.115586 514.205719 2.772480 0.125000 67.999379 
433.122539 463.033722 416.850664 463.472472 1.451700 0.062500 1.916233 
484.375013 409.394131 459.375024 409.410750 1.257478 0.125000 4.023443 
153.462674 91.231944 139.083010 83.681057 2.738957 0.062500 1.803266 
541.566568 364.377991 541.445247 351.867046 1.371150 0.031250 1.615203 
860.615737 180.574011 870.735912 178.735527 2.012892 0.031250 1.186739 
0.609793 517.866427 94.402955 512.350343 2.789236 0.125000 128.351275 
136.941146 378.730558 90.665461 373.980800 1.783117 0.125000 29.456940 
489.375457 426.934218 459.377247 427.165946 1.365830 0.125000 7.635803 
562.452376 331.936730 563.093861 351.916134 4.229430 0.125000 11.016694 
876.801082 291.182699 856.762595 293.322242 3.547553 0.125000 11.410836 
885.350613 379.984483 899.590907 386.395415 2.166102 0.125000 5.829623 
80.082197 94.327646 76.148270 139.420650 2.925091 0.125000 17.674292 
77.732823 149.336886 81.619008 109.350121 2.971932 0.125000 14.998479 
90.862199 10.122828 134.838064 30.894651 2.260514 0.125000 25.917229 
541.555329 471.884072 540.064545 419.355430 2.321688 0.125000 53.006553 
629.984159 231.865141 630.389008 256.878820 2.803104 0.125000 6.717101 
106.857272 121.873460 105.338803 139.350134 1.786304 0.125000 0.971134 
165.969509 261.899193 162.900002 305.609200 1.793340 0.125000 22.505343 
454.398573 365.481805 436.759272 362.577991 4.324463 0.125000 11.735531 
452.959735 218.097880 454.179339 266.879892 3.842553 0.125000 33.747358 
529.430360 459.571429 530.935295 478.300945 4.883821 0.125000 22.224779 
640.757968 535.242196 633.290556 532.648377 2.771740 0.062500 0.766245 
265.665398 504.082415 179.410738 507.721959 2.587326 0.125000 61.696590 
489.368594 209.494538 519.416272 211.104913 2.117863 0.125000 10.351572 
513.175361 402.049164 496.902505 401.287420 2.438816 0.125000 7.635803 
63.176752 369.984676 81.905440 371.498366 2.189777 0.125000 7.163230 
167.354250 408.143505 168.709238 373.051029 4.036582 0.125000 35.126615 
173.058207 503.478791 189.403737 502.260594 1.656967 0.125000 1.314173 
496.875222 396.867901 531.880059 397.963332 5.036652 0.125000 35.175110 
546.868918 470.031742 564.378992 470.193896 1.400425 0.031250 2.696365 
589.193189 495.246385 584.051365 480.739711 3.609163 0.125000 2.753328 
622.157555 245.611558 621.208215 225.656722 2.556576 0.125000 14.860523 
676.022870 449.313934 673.716087 434.284279 4.942129 0.125000 6.883130 
819.225133 236.777051 814.999776 189.319374 2.711858 0.125000 57.250100 
110.856736 55.645713 108.287600 84.389533 1.711100 0.125000 13.957433 
128.113281 502.672062 171.872200 503.315425 1.360121 0.125000 16.666703 
116.854458 515.298263 161.887788 516.300232 2.193527 0.125000 36.081216 
749.613299 211.857065 751.685452 239.389266 2.090794 0.125000 11.976736 
127.463432 353.973329 118.820508 347.233151 4.376805 0.125000 4.416995 
192.753126 131.849945 189.712321 176.981947 2.733166 0.125000 24.526123 
341.995254 356.293628 329.512225 353.711579 2.954569 0.125000 0.037337 
347.122716 116.369330 336.621765 119.864084 2.768689 0.125000 0.004868 
2.591867 438.059186 1.490392 446.981830 2.787459 0.125000 1.314173 
183.130940 424.248916 168.164154 423.543850 1.778001 0.125000 0.090159 
266.866065 415.764412 241.888547 414.163617 1.727127 0.125000 7.635803 
622.022424 264.386429 623.682420 242.974399 3.932017 0.125000 7.248113 
654.528597 417.655014 639.425785 416.306311 3.179215 0.125000 0.701738 
772.336727 196.836997 776.151442 243.184554 2.886374 0.125000 47.939705 
872.581175 179.435388 877.989524 228.140044 2.624190 0.125000 57.250100 
25.634131 26.854556 0.602746 15.674827 1.894751 0.125000 13.385215 
94.603151 215.634482 95.435056 195.617106 1.819868 0.125000 10.345073 
126.772153 39.587074 279.191439 113.503511 2.219537 0.125000 134.940636 
478.138592 402.559327 460.618672 402.138357 1.579930 0.125000 0.004868 
830.176749 343.169564 824.701108 288.092579 2.611399 0.125000 64.616903 
243.152576 524.845672 226.812195 525.803028 2.568830 0.125000 11.248163 
458.931393 234.287017 457.568892 221.799291 4.405774 0.125000 0.691268 
747.359089 501.686705 751.652723 512.725249 3.409900 0.125000 0.296176 
0.621189 465.107327 11.879781 465.024445 1.332783 0.031250 3.120353 
34.876153 281.922324 41.026117 216.794840 2.793278 0.125000 38.271103 
193.136502 527.375743 94.371398 525.859627 2.483273 0.125000 49.094228 
453.606761 272.946084 437.867252 267.639486 3.594174 0.125000 13.777869 
485.812529 127.665260 460.460392 133.681332 1.917011 0.125000 12.495035 
541.272693 350.625448 541.249440 319.374535 3.771391 0.125000 9.954291 
603.019794 450.618675 604.746402 421.897327 2.570504 0.125000 14.613918 
310.436710 354.455445 216.619818 341.178098 4.203831 0.125000 104.080466 
327.770848 331.868027 327.376749 351.884879 1.618843 0.125000 7.818310 
656.548543 421.868067 656.679981 439.376464 2.603150 0.125000 6.000836 
88.833788 198.229405 93.153075 220.619584 2.928285 0.125000 0.726518 
129.375000 529.375000 161.875000 529.375000 1.250000 0.125000 9.441983 
185.628753 520.327417 105.609951 519.318173 2.294863 0.125000 77.912078 
166.845255 335.116864 188.095610 333.872930 1.984404 0.125000 2.643642 
234.023090 435.601483 230.685472 485.545507 5.742008 0.125000 47.496741 
485.625000 463.125000 459.375000 463.125000 1.250000 0.125000 4.926533 
845.625386 381.876503 862.075115 377.654729 2.175167 0.125000 4.504827 
93.353441 299.397654 98.680577 245.680096 2.015035 0.125000 29.846919 
632.498499 532.244418 624.870053 519.307222 3.930778 0.125000 0.975798 
670.607958 493.860555 698.119176 492.949190 1.621790 0.125000 5.167349 
109.367633 85.702953 107.566258 114.418364 2.030159 0.125000 2.229493 
112.798192 506.407579 118.082568 505.402016 5.123496 0.125000 0.090159 
170.664395 306.877568 174.169579 253.111608 1.897905 0.125000 46.468673 
341.881681 366.827544 325.602363 364.535803 1.934803 0.125000 1.853182 
390.614623 494.049822 409.385397 493.450815 2.538597 0.125000 13.054343 
578.395349 230.615773 579.761868 270.654459 2.413270 0.125000 36.970328 
45.476397 40.607532 47.394623 24.289144 2.628837 0.125000 6.945032 
165.563353 436.870874 167.401294 409.410225 2.410943 0.125000 16.388469 
170.633119 513.832966 115.608018 513.008757 2.106571 0.125000 40.684732 
281.302663 306.885270 282.136323 251.878961 2.802793 0.125000 21.198540 
524.369863 499.675106 565.625416 499.451998 3.709386 0.125000 23.321197 
52.331659 104.292791 54.793142 80.538800 2.229005 0.125000 12.198356 
144.596220 77.617470 160.541112 84.567458 1.733710 0.062500 0.744535 
173.488219 461.893164 173.927821 453.102637 1.685469 0.031250 0.500486 
193.118313 516.197013 213.128695 515.999639 1.447201 0.125000 3.120353 
258.646350 201.881062 258.849970 184.368895 1.453381 0.125000 8.938533 
344.067757 215.615738 344.746586 193.098518 2.009197 0.125000 2.596246 
486.876309 444.454455 459.363184 444.907616 1.558614 0.125000 4.331879 
680.775322 555.248089 666.683640 553.946056 4.194121 0.125000 20.279063 
883.862957 281.788278 890.502367 338.286306 2.771925 0.125000 61.859720 
18.131230 487.037651 45.638751 485.983987 2.115403 0.125000 16.949462 
85.588842 403.122937 87.654448 366.919472 3.639014 0.125000 21.056046 
234.505986 145.674650 234.224310 139.326224 2.719172 0.062500 1.942456 
65.961229 248.032575 62.643969 280.829211 3.730964 0.125000 12.866916 
276.904952 384.465209 270.837705 470.551893 7.728494 0.125000 170.651081 
314.324939 383.588701 354.397676 387.914957 1.610046 0.125000 19.242595 
582.585737 343.129628 582.746649 361.878247 1.410872 0.031250 6.444597 
9.801768 180.545680 7.988790 199.361876 2.248706 0.125000 7.163230 
265.628831 452.613031 239.370947 452.416525 1.437052 0.125000 12.834206 
345.598551 497.803795 384.394290 494.609267 2.696729 0.125000 43.790154 
814.196053 409.226256 829.542230 390.764005 2.896020 0.125000 16.230919 
8.569861 214.430021 7.028314 226.893962 2.174232 0.125000 2.217263 
106.765444 149.458898 113.208184 61.881120 2.347146 0.125000 53.455692 
133.226625 81.645129 120.458955 76.000586 2.527153 0.125000 0.037337 
308.109071 478.696230 320.631509 478.402362 1.513590 0.062500 0.712113 
480.118536 297.894507 482.921961 306.937941 5.969741 0.125000 1.970624 
901.149897 387.376837 910.789842 394.140042 2.046558 0.125000 0.411083 
141.797302 359.863789 130.436959 358.057937 2.722313 0.125000 0.866856 
207.806195 158.112181 209.915763 105.646743 2.246880 0.125000 15.936390 
191.895797 493.192355 178.128073 492.950245 2.675440 0.125000 13.054343 
206.017812 154.394166 204.554574 184.383762 1.309432 0.125000 8.538893 
539.365339 275.625207 538.535153 236.866215 1.865373 0.125000 32.019233 
696.295793 521.094851 703.553315 530.041547 3.333196 0.125000 1.730763 
57.088027 311.767786 35.965994 308.452493 3.632717 0.125000 3.971719 
258.011309 356.473527 294.280133 361.333035 4.048784 0.125000 26.448151 
113.115680 481.628777 86.855989 482.622746 1.390947 0.125000 6.732713 
160.367757 109.357285 156.408918 166.842903 1.807054 0.125000 33.352987 
248.302267 257.670526 233.167097 251.767072 5.508714 0.125000 4.518356 
245.625000 165.625000 245.625000 181.875000 1.250000 0.031250 3.492164 
329.582564 351.879916 332.395373 233.107721 2.351326 0.125000 74.326110 
406.889314 463.462107 396.854330 463.888206 1.620077 0.062500 0.766245 
516.886444 130.508242 486.807851 127.560094 1.878406 0.125000 17.569793 
535.846211 449.351730 536.399981 484.362742 2.539225 0.125000 35.631593 
690.593017 172.959989 920.671623 128.365543 2.171967 0.125000 127.145434 
879.292860 455.633986 882.174998 481.978930 3.048064 0.125000 12.131956 
175.621644 507.141467 123.114230 506.480238 1.964639 0.125000 24.258482 
467.949990 338.123340 468.163449 315.625365 1.309241 0.125000 2.217263 
846.817171 195.630640 849.618191 224.351282 2.093424 0.125000 11.175361 
149.487969 221.474352 104.537199 208.799758 1.514750 0.125000 19.006019 
890.077424 480.538812 886.546472 451.761934 3.851502 0.125000 19.563682 
80.531397 471.867327 86.069476 404.308967 2.267080 0.125000 44.444059 
911.791916 394.449523 921.284936 405.033063 2.408047 0.031250 0.334099 
8.120361 403.213628 35.610465 404.652660 1.705703 0.125000 12.151253 
81.964540 46.665377 66.569776 40.089567 1.964057 0.125000 0.866856 
85.621976 504.249483 99.394098 503.917672 1.550711 0.031250 0.548645 
158.060030 85.771330 115.604416 66.921361 1.393753 0.125000 17.478142 
751.859518 218.038498 765.616296 215.576368 1.761764 0.062500 0.766245 
21.875000 453.125000 49.375000 453.125000 1.250000 0.125000 5.829623 
102.191446 533.947454 89.210185 531.498717 6.303600 0.125000 3.870244 
245.579513 124.475034 211.960055 109.187946 1.554279 0.125000 7.758383 
453.117211 490.115576 488.128138 489.580266 1.708494 0.125000 22.777072 
26.949597 53.133808 19.131893 119.346296 2.327261 0.125000 35.493568 
54.381960 485.826995 80.643852 484.922165 1.507511 0.125000 6.276442 
88.125000 484.375000 110.625000 484.375000 1.250000 0.125000 2.217263 
775.630043 496.437427 808.125727 496.811943 2.773536 0.125000 29.529743 
3.886620 260.594105 2.616512 280.671908 3.047428 0.125000 0.826003 
183.125105 500.563915 133.125251 500.478334 2.527810 0.125000 11.047074 
248.533477 123.148471 246.162818 164.405903 1.807738 0.125000 19.731903 
335.606974 428.711989 349.382370 429.135010 1.594719 0.125000 1.314173 
660.494841 178.650266 674.467639 176.140819 2.902549 0.031250 0.550734 
829.999494 390.781539 845.072487 382.159141 2.786044 0.125000 3.587292 
7.201613 226.784512 3.999483 259.460696 2.341238 0.125000 25.432196 
11.893014 370.378848 39.337505 372.387341 1.672210 0.125000 9.441983 
0.602726 487.465330 11.882073 487.084470 1.544574 0.031250 0.548645 
28.140772 387.893434 54.354308 389.678803 1.416989 0.125000 6.732713 
33.056391 301.869451 34.370161 285.624609 2.052031 0.062500 1.240251 
46.954809 488.131516 45.628654 504.375298 1.856131 0.125000 3.120353 
382.873084 332.899520 380.588140 348.119466 4.759008 0.125000 13.883364 
326.860013 417.192734 339.391094 417.783795 1.778658 0.125000 1.314173 
739.227598 472.589517 730.827263 456.160727 3.907921 0.125000 5.848681 
748.467817 233.090641 746.346753 211.927944 2.362878 0.125000 7.720497 
393.050269 152.024555 358.045888 134.533323 1.682512 0.125000 16.388469 
850.656691 293.515030 838.137775 294.532227 2.896718 0.062500 0.174472 
547.893570 333.132987 548.799910 359.394847 1.507940 0.125000 9.441983 
681.881134 503.863413 713.128978 503.603840 1.499156 0.125000 17.085330 
206.875000 111.875000 206.875000 150.625000 1.250000 0.125000 13.957433 
740.639900 486.972960 739.540525 473.111872 3.145269 0.125000 11.248163 
824.605785 199.355816 826.996342 228.114914 2.177629 0.125000 12.824995 
875.002047 488.057063 871.076652 451.826066 2.785692 0.125000 11.125723 
0.620186 535.191391 21.881443 534.955358 1.485816 0.125000 12.151253 
0.615803 470.204469 29.379383 469.575426 1.796307 0.125000 19.625851 
467.765488 265.630831 467.380384 241.887077 1.553905 0.125000 14.860523 
846.580389 225.655704 843.460577 195.720300 2.227391 0.125000 10.590395 
226.628880 101.161769 296.781745 133.328382 1.796065 0.125000 33.173054 
483.736914 225.477671 481.629059 234.606830 2.935780 0.125000 0.090159 
768.563120 230.581901 766.480743 209.413784 2.263475 0.125000 1.292403 
857.665923 296.919574 860.695151 328.118189 1.401093 0.125000 6.072814 
16.395417 488.204747 14.461911 506.883996 1.971910 0.125000 3.463346 
45.883344 165.638538 46.474680 154.354022 2.692814 0.125000 0.971134 
46.865975 373.221410 71.880795 375.563094 1.631077 0.125000 6.072814 
23.021549 534.329687 76.827673 530.032423 2.543914 0.125000 35.340120 
42.729654 199.462109 46.046643 166.917975 2.106874 0.125000 9.771974 
52.229017 486.901297 50.929351 504.397608 1.752349 0.125000 1.853182 
50.591845 506.293752 78.144800 504.722123 2.282389 0.125000 13.692888 
514.402804 501.197055 498.069878 501.990908 2.739788 0.125000 2.760160 
685.692747 544.843417 704.410464 546.465862 2.814495 0.125000 0.155290 
47.361280 151.926084 52.091528 106.897746 1.833346 0.125000 18.809569 
85.918008 485.650168 84.523297 501.887738 1.955960 0.125000 3.120353 
148.655926 278.070060 147.217163 296.901143 1.921373 0.125000 8.538893 
143.000294 62.145668 186.690557 82.275323 1.682069 0.125000 26.013696 
404.379042 375.597528 391.783880 373.744269 1.782584 0.031250 0.500486 
808.146611 503.539238 750.588129 502.050931 4.330342 0.125000 82.544604 
168.106544 448.840492 180.630454 449.163542 1.507446 0.062500 0.712113 
318.080327 154.373531 316.477770 203.111939 1.865507 0.125000 16.616073 
428.114455 491.515400 446.884969 490.964982 1.725766 0.125000 10.345073 
467.975390 298.134140 466.900963 280.547049 2.876461 0.125000 6.860001 
281.899649 111.824160 98.283028 22.799064 2.215212 0.125000 149.417720 
229.493804 352.993720 256.898583 355.350810 2.597921 0.125000 12.945729 
377.333546 344.380760 377.710502 314.369794 1.579591 0.125000 25.697603 
390.664331 506.381000 409.428575 505.404777 2.886289 0.125000 10.309896 
0.603672 385.913727 19.343749 387.298055 1.572342 0.125000 0.971134 
38.125000 469.375000 64.375000 469.375000 1.250000 0.125000 4.926533 
44.323218 405.218471 69.382252 406.756871 1.652762 0.125000 9.441983 
138.343618 405.640945 134.333668 460.621986 1.610389 0.125000 18.963480 
358.084877 508.772741 378.162318 507.435152 1.912822 0.125000 0.296176 
545.505687 245.627099 545.923853 269.391737 1.271798 0.125000 3.120353 
4.376358 436.772382 33.121324 437.152794 1.316055 0.125000 5.829623 
80.911605 486.903303 79.310286 503.118609 1.612482 0.125000 0.411083 
149.127766 203.374606 134.769068 188.981864 4.420461 0.125000 3.761675 
192.865367 254.359461 190.918296 286.892553 1.845188 0.125000 19.242595 
454.371702 501.680949 468.138969 501.446991 2.648313 0.125000 5.829623 
37.469988 146.813115 35.223833 170.587098 1.665885 0.125000 6.276442 
24.382058 420.421783 51.892288 421.377223 1.639728 0.125000 8.692578 
39.621935 126.897968 37.882174 145.602414 1.591928 0.125000 2.217263 
150.274449 250.614799 149.909964 263.140567 1.613053 0.125000 2.217263 
869.501295 221.859929 865.936399 191.987008 2.038032 0.125000 16.596692 
56.876221 453.060246 76.869113 453.437219 1.367603 0.031250 4.077185 
114.392640 48.088910 140.512268 60.855640 1.823159 0.125000 17.569793 
428.101627 504.138972 445.676847 502.398564 2.364651 0.125000 11.248163 
920.676872 506.019525 900.599103 504.802091 3.025008 0.125000 18.733447 
173.125000 351.875000 203.125000 351.875000 1.250000 0.125000 7.635803 
341.442830 334.366110 342.008300 306.877742 1.378279 0.125000 5.829623 
360.675149 201.874085 360.127367 171.861268 1.523521 0.125000 5.390291 
468.007666 364.376873 468.049013 339.374874 1.281006 0.125000 4.023443 
839.388287 462.478472 860.627990 462.010819 1.579885 0.125000 4.926533 
14.657072 178.157255 10.940265 210.661051 1.631742 0.125000 9.411793 
81.975435 105.633032 83.076043 91.871085 1.843923 0.125000 1.314173 
97.655425 200.598820 96.539940 220.606319 1.456813 0.125000 2.217263 
10.914805 489.403365 9.206363 506.858494 1.365819 0.062500 1.942456 
71.896151 0.582825 88.386762 8.853054 1.250000 0.125000 2.217263 
236.152550 398.079906 233.884133 434.422383 2.728756 0.125000 33.480840 
381.875000 429.375000 381.875000 461.875000 1.250000 0.125000 9.441983 
44.831771 76.922975 42.207371 101.909909 1.441761 0.125000 4.504827 
269.342675 81.922613 296.879859 100.617843 1.660336 0.125000 6.083459 
519.448065 125.941352 484.369430 123.196181 2.340573 0.125000 22.232713 
530.396677 139.700799 517.901428 130.944019 1.636185 0.031250 9.140953 
534.157786 135.924562 520.393631 125.944083 2.378757 0.125000 9.441983 
823.526652 486.953172 820.753974 456.863116 2.506389 0.125000 22.505343 
875.611911 442.799793 831.882439 444.559827 1.500337 0.125000 16.596692 
31.874267 23.124916 28.434494 53.160444 1.526332 0.125000 6.859948 
98.630395 244.397387 100.511728 201.925352 2.971909 0.125000 30.983031 
169.341403 421.201086 183.117448 422.004491 1.611755 0.062500 1.916233 
194.000299 304.425132 196.514178 260.532742 2.600265 0.125000 20.579171 
539.305353 487.034320 565.602790 487.723048 5.194643 0.125000 29.935237 
264.352822 390.872674 244.400875 389.086044 1.467993 0.125000 0.411083 
483.264418 123.671718 456.821429 130.414924 1.901798 0.125000 17.569793 
40.610522 437.247359 66.869426 438.268356 1.783279 0.125000 14.860523 
295.963914 380.475108 291.835382 474.428187 5.969599 0.125000 122.874364 
379.331010 164.469422 334.221851 143.453726 2.266136 0.125000 31.536516 
334.322527 146.988407 370.373296 163.668992 1.913264 0.125000 26.773405 
589.335772 192.926595 639.357512 183.036552 1.468712 0.125000 22.505343 
60.625000 421.875000 79.375000 421.875000 1.250000 0.062500 1.942456 
240.625846 437.213207 254.375760 437.178808 2.515628 0.125000 4.926533 
318.107671 473.966494 329.390393 473.487865 1.672709 0.125000 0.411083 
0.627261 419.334025 15.650495 420.162896 1.730129 0.125000 2.217263 
33.432037 188.154643 31.627004 206.851057 1.484459 0.125000 0.411083 
117.142431 485.646147 115.857663 501.893398 1.541722 0.125000 0.411083 
238.992122 280.615728 238.356086 306.880596 1.764077 0.125000 17.841313 
248.125000 175.625000 248.125000 150.625000 1.250000 0.125000 4.023443 
78.282717 348.137443 79.564555 331.889955 1.737691 0.125000 2.217263 
191.952904 84.213155 224.201288 99.735886 1.378391 0.125000 10.715887 
233.959274 83.969683 198.339670 66.438827 1.778900 0.125000 23.891423 
7.896750 250.608534 9.697413 225.648259 1.336703 0.125000 4.926533 
291.856515 123.164855 234.516134 96.570696 1.824129 0.125000 22.326053 
204.375000 344.375000 169.375000 344.375000 1.250000 0.125000 11.248163 
311.996760 140.373907 333.127195 150.620474 1.636221 0.125000 0.973202 
227.068758 92.719938 118.131725 40.610941 1.817700 0.125000 68.309507 
246.890681 489.551077 226.937618 491.328100 2.379258 0.125000 13.957433 
666.181313 486.877754 666.106863 468.123087 1.324421 0.062500 1.942456 
701.997885 557.036107 681.692229 554.744542 4.586886 0.125000 15.737807 
857.500017 324.435933 855.665649 305.621037 1.760437 0.125000 3.620108 
900.594013 497.793914 918.116240 498.384785 1.993049 0.125000 0.411083 
22.869472 110.596528 25.238835 89.331972 1.934423 0.125000 4.287335 
163.889247 83.094765 162.329504 108.153290 1.402895 0.125000 3.463346 
283.054574 108.266557 234.505458 84.112779 1.726049 0.125000 23.065897 
287.418389 169.354266 286.647709 195.618330 1.286126 0.125000 2.736202 
489.375000 319.375000 489.375000 346.875000 1.250000 0.125000 5.829623 
766.621995 458.148246 770.183962 496.915523 3.276794 0.125000 26.913225 
470.625000 311.875000 470.625000 345.625000 1.250000 0.125000 10.345073 
19.412451 4.293716 113.373602 47.585429 1.557451 0.125000 48.614620 
487.757366 226.869455 488.000913 265.625780 1.493477 0.125000 13.957433 
210.616843 486.438705 221.886274 486.228022 1.436700 0.062500 0.766245 
189.375000 341.875000 169.375000 341.875000 1.250000 0.062500 1.039268 
695.955991 551.288303 680.773271 548.552229 5.142428 0.125000 3.146536 
771.752130 453.136366 775.567343 494.380333 1.935513 0.125000 23.201277 
198.034642 65.818746 123.026199 30.836850 1.960954 0.125000 34.524826 
120.733060 44.157973 156.763891 62.098151 1.250000 0.125000 10.345073 
487.866249 266.883610 488.823240 295.643360 1.457164 0.125000 8.938533 
664.318108 182.813906 526.843855 207.954696 2.971287 0.125000 106.556664 
196.687081 538.351332 185.581853 540.389962 2.458911 0.062500 0.287354 
217.677270 315.572339 216.047974 329.424749 2.482885 0.125000 6.732713 
89.402025 536.465620 71.879949 537.028936 1.369851 0.062500 0.766245 
159.068697 160.596980 160.553254 144.368437 1.586419 0.125000 0.411083 
749.580476 494.359893 746.916137 458.121975 1.796577 0.125000 12.824995 
179.006534 304.357744 180.820039 265.634134 1.424059 0.125000 16.666703 
298.340535 131.409306 219.189342 94.776142 1.471760 0.125000 33.464847 
106.783245 35.811923 88.212753 26.696230 1.250000 0.062500 4.324473 
888.053254 140.240455 810.681163 154.676023 1.357344 0.125000 37.173650 
154.395281 64.333152 113.141679 44.340584 1.808355 0.125000 8.688830 
800.581238 156.653471 785.669295 159.599231 1.250000 0.031250 3.120353 
293.089082 358.355861 273.182000 355.258636 1.250000 0.125000 0.411083 
910.530777 141.361154 839.602771 154.367148 2.131309 0.125000 24.234035 
784.436495 159.691076 758.206585 164.794335 1.260375 0.125000 4.023443 
181.832916 76.965408 156.981112 65.397044 1.250000 0.125000 3.120353 
834.493287 154.975001 806.836061 160.427486 1.951727 0.125000 16.057910 
715.582513 172.909501 700.669304 175.849717 1.250000 0.015625 6.732713 
110.587545 43.207240 90.722821 34.160213 1.250000 0.125000 1.314173 
