637.342 460.262 433.422 459.763
923.577 346.192 899.892 346.154
1037.77 281.089 1017.45 281.006
283.596 524.672 184.258 524.525
377.968 125.606 329.769 125.688
574.954 99.0385 558.612 99.13
906.753 645.774 864.912 645.794
949.017 619.225 907.41 619.236
415.481 23.4739 366.256 23.5675
526.547 282.87 480.333 282.873
949.253 575.7 908.809 575.697
1062.35 584.162 1022.57 584.152
878.518 597.754 838.166 597.753
942.862 582.841 902.436 582.845
917.351 479.892 893.85 479.909
938.383 671.127 890.826 671.152
209.231 678.172 160.082 678.135
965.111 616.039 923.187 616.033
965.919 589.054 925.559 589.072
653.962 298.819 633.074 298.876
992.32 659.022 944.695 659.013
910.977 539.727 877.291 539.707
869.744 661.768 822.59 661.801
1024.06 420.105 1000.54 420.097
969.715 579.745 929.338 579.715
957.096 581.37 916.737 581.34
963.761 574.338 923.365 574.358
675.898 313.842 654.418 313.9
936.909 592.889 896.475 592.861
145.958 327.197 99.9851 327.267
390.099 76.1216 342.048 76.1822
395.709 84.5839 347.948 84.6393
956.193 568.017 915.729 568.042
935.526 577.566 895.115 577.523
345 683.242 295.302 683.262
919.858 421.577 896.216 421.523
651.128 290.423 631.06 290.505
951.046 589.365 910.655 589.409
975.917 660.375 928.315 660.342
888.146 590.918 847.711 590.968
121.959 342.912 78.2708 342.967
885.191 662.376 838.038 662.438
432.086 93.9675 385.87 93.9848
1025.62 334.324 1002.14 334.31
126.854 321.984 81.6703 322.15
916.138 581.584 875.716 581.638
831.153 660.302 783.66 660.366
1067.67 591.54 1027.95 591.481
916.75 636.176 874.828 636.255
1021.13 416.807 997.497 416.837
1010.86 420.324 987.087 420.36
920.798 601.511 880.841 601.592
1071.93 482.63 1048.28 482.694
1014.07 540.967 978.448 540.88
108.558 322.34 65.4698 322.536
922.713 589.779 882.415 589.703
113.294 295.6 69.1092 295.65
916.593 327.563 893.025 327.602
882.762 291.098 861.048 291.143
228.113 499.905 126.364 499.846
926.554 415.641 902.833 415.711
924.711 680.864 877.346 680.971
1038.15 420.221 1014.41 420.275
220.584 678.66 171.449 678.724
982.668 615.271 940.549 615.186
930.935 412.69 907.172 412.763
885.96 322.77 862.31 322.827
935.834 677.778 888.244 677.703
660.787 303.027 639.732 302.967
400.607 114.324 352.702 114.305
917.545 576.274 876.985 576.364
796.066 291.814 776.631 291.715
981.845 652.557 934.855 652.467
975.692 549.004 938.898 548.893
374.299 138.263 325.629 138.444
970.711 464.73 945.682 464.825
883.907 541.444 849.245 541.549
414.774 104.514 367.484 104.692
898.24 600.406 857.966 600.517
94.0362 346.935 50.7269 346.942
949.25 619.334 907.41 619.236
713.212 237.838 699.057 237.983
326.859 149.419 278.631 149.402
326.134 681.432 276.41 681.295
337.609 114.191 289.334 114.413
1065.68 306.944 1043.06 306.974
552.148 157.952 536.612 158.173
407.522 128.22 359.434 128.154
306.92 124.424 257.821 124.402
923.434 579.119 883.846 578.983
927.584 668.436 880.865 668.317
535.528 266.091 491.915 266.233
998.274 580.771 957.811 580.901
736.191 544.781 534.682 544.431
70.3055 415.206 25.5805 415.145
662.885 290.307 642.366 290.195
929.731 307.96 906.73 308.059
884.351 553.983 847.618 553.833
865.252 594.106 824.788 594.26
894.916 590.052 854.433 590.204
877.064 548.245 840.972 548.403
880.202 313.16 856.846 313.286
407.384 27.9594 357.896 28.2167
930.232 328.439 906.471 328.558
308.254 111.25 258.262 111.198
881.514 593.176 841.02 593.35
118.088 371.459 75.6916 371.729
923.564 321.716 899.995 321.844
871.501 424.827 840.974 424.984
902.583 551.023 865.812 551.205
277.586 537.005 176.779 537.037
76.089 405.775 31.44 405.673
422.308 65.6395 374.218 65.5298
65.7139 331.504 43.146 331.5
944.576 548.651 907.535 548.446
966.47 548.932 929.609 548.722
750.663 547.067 552.607 546.795
1024.23 548.793 986.896 548.567
569.895 245.709 528.939 245.927
910.307 289.763 889.188 289.94
810.584 662.694 762.861 662.921
806.09 304.955 785.847 305.172
114.861 388.586 72.6105 388.453
312.27 167.612 263.903 167.483
549.373 45.6534 532.116 45.531
977.966 541.138 942.422 541.369
810.08 294.741 790.069 294.975
176.695 293.333 131.159 293.197
892.318 422.256 863.041 421.976
275.851 553.857 175.502 553.962
341.216 106.051 292.934 105.89
750.619 536.915 550.879 536.706
880.963 495.93 851.089 495.648
544.805 473.788 348.005 473.615
146.374 276.726 102.622 276.563
406.605 79.9861 359.131 79.7782
121.697 359.181 77.9864 359.573
927.978 596.618 887.29 596.923
821.758 547.047 627.461 546.256
928.267 552.558 891.007 552.231
159.97 309.868 113.538 309.647
328.962 68.5364 279.001 68.3119
55.6396 320.499 33.2217 320.353
987.76 549.475 950.653 549.102
186.436 288.688 143.247 288.433
702.984 483.706 497.801 483.572
606.878 438.97 404.621 438.857
127.714 282.049 84.6837 281.803
930.593 521.258 899.054 521.661
378.402 149.091 329.362 149.57
641.02 531.557 436.041 531.497
927.617 667.856 880.865 668.317
584.583 223.484 543.06 223.019
292.568 120.564 242.306 120.197
170.383 328.909 124.59 328.515
596.32 507.596 391.121 507.596
682.48 567.701 480.44 567.731
760.365 281.846 747.111 281.333
708.516 542.825 505.907 541.793
753.135 508.202 551.703 508.255
735.711 567.708 533.931 567.779
604.129 581.842 396.938 581.911
300.113 136.376 252.439 135.923
105.095 363.452 63.4688 364.128
731.252 525.709 530.227 525.791
175.818 300.84 131.549 300.366
698.224 552.988 497.015 553.089
519.273 271.334 475.956 271.948
734.974 506.16 532.487 506.271
610.271 226.6 567.856 227.203
370.995 60.6392 323.227 61.3835
646.373 504.44 440.077 504.59
689.248 557.661 487.569 557.837
638.574 568.196 434.575 568.37
685.56 635.751 484.483 634.624
720.876 530.93 518.716 531.135
616.511 540.717 413.655 540.93
704.562 543.999 502.52 544.233
191.789 335.641 146.013 334.93
594.204 239.595 552.888 238.782
109.831 339.533 65.923 340.456
623.638 443.535 421.855 442.198
891.607 625.072 851.402 624.243
